Starting new set of measurements
0
Starting new set of measurements
0
0
0
0
0
0
0
0
0
0
Starting new set of measurements
0
0
0
0
0
0
0
0
0
0
0
0
0
0
0
1
2
4
0
0
0
1
0
4
0
0
0
4
0
0
0
0
4
6
0
0
0
0
1
0
0
0
3
0
5
3
0
1
0
0
3
3
0
0
0
4
0
0
0
4
3
0
6
0
7
0
2
3
2
4
0
0
0
5
3
6
0
1
3
0
0
2
0
0
0
0
7
0
0
0
7
0
0
0
0
0
0
8
13
12
5
3
0
0
0
0
0
0
0
0
1
0
0
1
0
0
2
2
1
0
4
1
0
0
0
4
2
4
0
2
0
0
0
0
2
0
0
6
2
0
3
3
0
0
2
0
1
0
2
4
0
5
2
2
0
0
0
7
0
0
3
1
0
5
3
0
4
2
0
0
0
4
0
1
4
2
3
0
2
0
7
0
4
4
0
0
0
0
10
2
2
0
1
0
2
4
5
0
7
4
4
1
4
2
1
0
1
2
3
1
1
2
0
6
0
1
2
1
8
6
3
2
8
1
9
6
3
2
1
4
4
5
8
6
5
5
6
10
6
2
7
8
6
0
5
6
8
4
7
0
0
1
1
6
12
6
6
9
3
9
9
1
4
4
8
2
4
5
6
4
10
6
6
7
8
5
4
2
0
1
5
2
2
5
4
1
7
5
4
6
3
0
2
0
6
12
11
12
14
29
46
60
69
76
89
93
121
122
131
145
135
134
132
137
139
138
Starting new set of measurements
0
0
0
0
0
0
0
0
0
0
0
0
0
0
0
0
0
0
3
3
0
5
2
5
8
0
0
0
3
3
0
1
0
0
7
0
2
1
0
1
0
0
0
0
9
0
5
4
2
0
0
29
5455
21901
14364
6925
4843
2955
2182
1413
1043
770
556
438
357
253
210
161
119
87
58
41
5
2
3
0
0
2
3
1
2
1
2
0
0
0
0
3
1
3
0
0
0
0
0
0
0
0
0
0
0
0
0
0
0
0
0
0
0
0
0
0
0
0
0
0
0
0
0
0
0
0
0
0
0
0
0
0
0
0
0
0
0
0
0
0
0
0
0
0
0
0
0
0
0
0
0
0
0
0
0
0
0
0
0
0
0
0
0
0
0
0
0
0
0
0
0
0
0
0
0
0
0
0
0
0
0
0
0
0
0
0
0
0
0
0
0
0
0
0
0
0
0
0
0
0
1
0
0
0
0
4
6
0
1
4
5
6
8
1
8
3
7
5
13
14
19
20
12
11
14
15
12
12
11
10
10
8
15
14
9
8
12
11
10
10
8
2
1
3
2
0
0
0
7
5
4
1
2
6
0
0
0
0
0
2
7
5
3
6
4
10
10
15
10
3
4
0
0
0
6
3
0
2
5
3
0
2
8
4
3
7
9
16
24
23
21
16
12
13
16
9
11
9
13
12
11
6
10
7
6
10
10
8
14
8
18
9
11
10
9
12
10
3
7
7
11
16
6
7
8
8
1
3
0
7
9
5
4
7
5
12
6
5
16
4
0
4
11
8
7
6
7
6
3
6
7
4
0
2
4
5
11
9
2
2
0
0
0
5
5
3
0
0
0
7
6
8
3
0
0
0
0
10
14
13
11
20
12
8
21
12
7
7
5
20
16
20
20
24
21
24
21
28
21
27
17
14
14
5
1
0
9
0
3
0
0
0
0
0
0
0
0
0
0
0
0
0
0
0
0
0
0
0
0
0
0
0
0
0
0
0
0
0
1
3
0
3
0
1
0
0
0
0
0
0
0
7
6
1
6
6
10
11
8
11
0
0
0
2
3
0
4
3
0
0
4
0
3
4
4
12
12
11
12
18
11
9
7
8
0
3
0
1
0
0
2
2
2
0
3
0
0
0
5
13
12
12
12
9
2
7
8
8
9
3
1
0
5
2
6
2
3
4
5
10
16
19
20
17
14
24
20
27
22
22
23
24
19
19
20
14
7
13
13
12
16
17
21
23
15
13
11
15
19
16
17
14
2
3
7
2
0
5
6
8
3
2
6
6
9
7
9
10
16
11
9
11
10
14
9
11
4
9
6
6
8
7
14
5
9
5
5
1
5
1
0
2
0
5
7
12
10
12
9
18
8
17
5
9
12
2
11
12
13
18
15
18
22
19
16
16
21
29
29
46
38
32
37
38
30
23
25
34
29
31
29
29
26
33
29
28
31
36
40
39
41
35
39
37
40
32
31
35
30
34
32
28
30
25
30
32
32
31
29
41
72
80
82
75
75
59
55
53
51
52
50
44
43
38
35
31
34
26
26
30
32
19
19
12
11
17
6
9
9
10
9
7
11
11
6
5
13
8
5
2
0
0
0
60000
60000
60000
60000
55678
10908
5134
9535
6508
60000
60000
60000
60000
60000
44767
60000
60000
60000
60000
37552
60000
59059
60000
42188
40759
47382
46336
60000
60000
60000
60000
60000
56828
38772
11854
33265
19949
12394
57281
60000
60000
28803
5611
2651
2297
2847
2380
2475
1997
1082
1089
1639
1115
415
372
510
509
886
623
1102
7149
13396
10931
4798
2671
1088
1986
1376
727
464
288
166
41
0
0
0
0
0
0
0
0
0
0
0
0
100
108
41
26
239
2988
11865
4778
3830
1510
504
199
30
0
0
8
48
14
0
0
0
0
65
3705
7284
13317
13835
5074
2327
1457
877
353
147
33
0
0
0
0
0
0
0
0
0
0
0
0
0
0
0
0
0
0
0
0
0
0
0
0
0
0
0
0
0
0
0
0
0
0
0
0
0
0
0
0
0
0
0
0
0
0
0
0
0
0
0
0
0
0
0
0
0
0
0
0
0
0
0
0
0
0
0
0
0
0
0
0
0
0
0
0
0
0
0
0
0
0
0
0
0
0
0
0
0
0
0
0
0
0
0
0
0
0
0
0
0
0
0
0
0
0
0
0
2
5
6
5
11
20
15
22
18
16
18
14
15
15
17
28
32
32
38
26
28
22
24
29
35
35
37
45
57
61
55
55
56
68
59
41
39
30
31
32
28
17
17
18
17
20
24
31
34
37
33
33
33
31
41
40
39
43
39
32
33
29
31
31
23
18
13
19
16
19
32
17
14
15
21
23
22
22
24
28
27
18
21
20
23
18
19
21
27
32
24
24
23
22
30
29
20
20
13
20
19
17
6
8
16
14
10
12
15
14
16
16
11
14
16
16
16
16
23
20
21
17
21
14
18
17
19
20
23
13
16
14
17
13
17
15
11
18
20
18
20
21
17
17
22
19
22
21
24
17
27
19
21
13
10
18
16
21
14
13
8
9
12
10
10
13
11
20
17
26
22
16
19
9
9
12
10
16
17
13
14
14
8
17
13
5
5
6
3
5
5
3
2
1
8
0
0
4
5
0
3
0
1
4
4
8
8
0
3
0
1
1
1
7
0
2
0
7
5
3
2
2
5
1
0
3
7
2
3
2
0
0
0
0
0
0
0
2
1
5
1
5
0
2
0
8
2
0
3
8
0
0
1
1
0
3
1
0
1
0
0
0
0
0
0
0
0
0
0
2
0
0
0
0
0
0
0
3
0
5
10
3
4
1
4
1
6
11
12
3
0
2
0
5
4
6
5
6
5
4
0
2
6
6
1
0
3
2
1
0
0
0
0
0
0
0
0
0
0
0
2
0
0
4
3
4
4
0
3
0
0
1
8
5
3
6
7
6
15
6
10
9
13
11
8
5
14
13
9
12
13
15
9
5
6
0
6
6
6
10
1
4
11
8
2
3
6
7
7
8
4
0
3
4
4
4
6
2
3
8
9
2
2
13
11
11
8
10
5
5
9
7
13
16
3
0
2
0
0
0
0
0
0
0
0
0
0
0
0
0
0
5
0
0
0
0
0
3
0
6
4
7
10
5
3
6
8
8
6
10
9
10
11
19
15
11
15
19
8
9
11
0
0
0
0
0
0
9
39
37
36
27
19
21
6
1
0
0
0
0
0
0
0
0
0
0
0
0
0
0
0
0
0
0
0
0
0
0
0
0
0
0
0
0
0
0
0
0
0
0
0
0
0
0
2
7
9
16
17
18
12
18
16
15
10
24
18
20
12
25
40
42
45
39
43
50
45
40
41
36
30
34
26
31
28
21
14
24
18
10
12
11
13
12
11
7
7
11
11
10
10
14
18
18
15
12
11
18
13
8
12
5
10
17
21
21
27
36
43
43
40
43
47
44
54
62
61
73
84
96
102
106
110
106
95
97
96
93
92
87
87
90
83
83
93
90
96
93
97
97
100
96
95
91
112
122
130
137
148
145
140
145
159
153
158
166
166
162
160
155
156
149
151
169
181
190
191
196
193
184
184
182
178
179
175
178
173
175
175
183
185
177
175
174
168
176
171
163
151
137
114
102
86
79
73
75
75
81
87
99
107
113
115
130
126
120
117
114
107
89
77
70
67
64
66
70
64
49
35
27
20
18
25
24
22
21
22
37
41
45
41
64
77
95
104
113
119
132
144
149
155
167
167
177
177
175
182
183
188
189
198
196
197
190
193
191
193
203
193
189
184
186
189
192
180
177
175
172
178
177
195
206
200
194
197
198
196
188
191
188
208
233
240
248
254
255
299
302
339
365
389
399
378
359
329
303
284
308
323
340
317
324
314
311
317
326
361
378
397
385
407
397
398
438
451
448
440
434
455
481
491
458
447
432
402
383
372
360
335
349
330
306
314
294
277
274
254
248
243
233
222
222
216
213
202
211
209
206
215
209
197
191
198
208
225
222
229
222
222
220
210
213
207
211
213
212
222
223
242
248
242
234
230
221
220
225
216
215
207
205
198
190
180
187
178
177
174
174
172
170
171
170
167
159
160
162
159
159
161
162
159
157
164
157
156
151
148
151
146
150
160
148
138
148
145
137
139
132
136
134
130
142
130
136
134
135
139
138
135
137
137
136
137
136
133
136
137
138
145
141
142
143
148
150
144
144
145
147
150
147
151
146
146
150
156
154
152
151
155
155
158
154
156
155
148
149
158
157
150
153
151
152
143
142
142
142
153
142
135
128
129
128
120
108
110
105
97
85
77
71
70
61
62
62
50
50
48
46
45
39
29
38
40
31
30
30
29
30
26
24
25
22
25
17
18
19
12
11
8
0
0
0
0
0
0
0
0
0
0
0
0
0
0
0
0
2
2
0
6
2
9
4
11
11
17
14
12
2
5
4
2
2
0
0
0
0
2
5
7
16
16
23
23
19
14
7
3
5
1
2
1
0
0
0
0
0
0
8
7
6
3
10
16
22
24
28
24
21
19
17
9
10
3
6
16
18
15
14
13
19
22
27
34
31
36
36
32
41
43
46
47
52
52
50
48
52
45
49
52
50
54
57
60
61
59
59
60
63
65
63
64
62
66
62
66
75
76
75
71
66
73
79
79
77
85
82
86
86
87
91
82
87
85
85
82
85
82
89
77
81
84
91
90
86
85
91
83
96
99
100
100
98
95
91
92
89
87
90
86
90
90
91
93
85
93
91
90
90
99
96
102
104
97
105
104
107
110
103
96
91
83
75
72
67
76
76
67
71
56
66
63
66
75
102
115
124
125
130
118
117
130
121
128
116
119
119
121
118
113
118
117
120
124
124
128
131
126
122
122
121
123
116
116
116
118
111
114
113
105
110
119
113
111
107
113
113
101
100
104
104
117
112
106
106
104
96
86
88
102
102
102
97
85
60000
60000
60000
60000
60000
60000
60000
60000
60000
60000
60000
60000
60000
60000
2242
237
20
77
429
1485
5129
11269
14139
14285
10143
7070
6373
4753
3620
5781
4517
2953
8736
15051
12912
60000
60000
60000
60000
60000
60000
60000
60000
60000
25596
10402
5144
2775
60000
60000
60000
60000
60000
60000
53029
60000
8331
2604
3795
3800
2461
6293
60000
60000
60000
60000
60000
60000
60000
58710
37726
60000
60000
60000
60000
60000
60000
20263
10796
29535
60000
60000
60000
59129
48114
55155
60000
53447
60000
35251
13464
29639
28524
11145
4307
2367
5736
10548
12068
16019
21901
39155
56689
46685
40724
33613
22633
17858
15974
16847
15839
21169
22563
24097
17892
14814
12394
10312
9445
8477
7250
6864
7005
6574
6368
6258
5786
4929
5420
4583
4853
6333
7678
10424
9096
2863
1411
2020
2501
1748
907
503
334
217
206
241
232
210
192
239
245
252
271
281
610
1683
2604
7892
9366
5275
2831
1492
946
566
413
296
234
225
203
180
173
173
162
144
162
159
161
163
176
156
146
149
141
137
133
130
117
115
99
106
129
146
171
190
208
219
242
272
342
416
463
473
457
455
417
393
429
463
491
535
567
606
725
779
788
760
694
592
542
522
503
495
599
754
791
903
986
996
1034
1012
970
910
837
789
795
947
1113
1133
1057
928
1773
2572
2378
1319
1143
1089
1149
1093
1032
975
840
698
584
499
444
380
355
326
319
327
299
268
246
234
220
225
244
234
226
239
245
241
240
234
232
228
220
219
202
196
196
196
210
192
180
166
165
174
179
149
121
117
118
121
134
157
179
196
201
214
217
215
208
195
186
184
180
187
191
181
184
177
176
168
167
162
155
150
148
148
161
205
175
109
55
14
0
0
0
0
0
0
0
0
0
0
0
0
0
0
0
0
0
0
0
0
0
0
0
0
0
0
0
0
0
0
0
0
0
0
0
0
0
0
0
0
0
0
0
0
0
0
0
0
0
0
0
0
0
0
0
0
0
0
0
0
0
0
0
51
39
6
0
0
0
0
0
0
0
0
0
0
0
0
0
0
0
0
0
0
0
0
0
0
0
0
0
0
0
0
0
0
0
0
0
0
0
0
0
0
0
0
0
0
0
0
0
0
0
0
0
0
0
0
0
0
0
0
0
0
0
0
0
0
0
0
0
112
157
117
95
60
82
110
143
189
218
223
209
298
354
299
254
216
193
166
154
125
120
126
118
107
106
117
130
139
143
150
170
183
165
146
125
120
122
128
130
117
97
105
126
117
109
99
85
63
59
50
42
40
41
31
22
59
87
86
78
61
57
68
62
34
28
19
17
13
29
28
52
75
75
77
82
84
90
90
79
62
55
60
71
95
115
105
106
111
94
77
71
57
99
129
119
126
133
120
112
104
80
80
65
53
51
48
28
15
14
4
3
0
0
0
0
0
0
0
0
0
0
0
0
0
0
0
0
0
0
0
0
0
0
0
0
0
0
0
0
0
0
0
0
0
0
0
0
0
0
0
0
0
0
0
0
0
0
0
0
0
0
0
0
0
0
0
0
0
0
0
0
0
0
2
0
0
0
0
0
0
0
0
0
0
0
0
0
0
0
0
0
0
0
0
0
0
0
0
0
0
0
0
0
0
1
1
3
6
1
1
0
0
3
1
0
0
0
0
0
0
0
0
0
0
0
0
0
0
0
2
8
10
66
80
74
66
63
57
52
51
49
36
37
32
35
33
35
31
24
26
20
30
31
33
33
35
29
39
36
41
36
33
34
33
31
29
38
42
35
44
32
33
34
36
39
37
29
29
32
32
31
31
29
24
32
39
36
44
44
43
37
29
35
34
30
37
30
33
29
32
33
30
32
31
32
26
34
37
36
36
43
40
42
31
45
41
45
48
64
74
84
96
88
77
58
46
34
19
8
1
0
5
0
0
0
0
0
0
0
0
0
0
0
0
0
0
0
0
0
0
0
0
0
0
0
0
0
0
0
3
0
3
0
5
0
0
0
0
1
0
0
0
0
0
4
9
15
11
15
11
21
16
22
10
17
14
14
18
21
17
14
14
10
17
103
397
750
695
612
557
566
1134
1425
2110
2258
2009
2073
1863
1422
1261
1136
1021
1170
1441
1416
1263
1164
1127
1029
839
623
481
373
278
215
162
123
86
57
33
11
0
0
0
0
0
0
0
0
0
0
0
0
0
0
0
0
0
0
0
0
0
0
0
0
0
0
0
0
0
0
0
0
0
0
0
0
0
0
0
0
0
0
0
0
0
0
0
0
0
0
0
0
0
0
0
0
0
0
0
0
0
0
0
0
0
0
0
0
0
0
0
0
0
8
6
0
13
14
6
0
0
4
7
6
13
18
23
30
53
52
56
48
74
99
83
80
78
78
67
69
64
58
49
48
35
38
37
36
31
24
11
17
22
34
22
13
9
0
0
0
0
5
3
0
0
0
0
0
0
0
0
0
0
0
0
0
0
0
0
0
0
0
0
0
0
0
0
0
0
0
0
0
0
0
0
0
0
0
0
0
0
0
0
0
0
0
0
0
0
0
0
0
0
0
0
0
0
0
0
0
0
0
0
0
0
0
0
0
0
0
0
0
0
0
0
0
0
0
0
0
0
0
0
0
0
0
0
0
0
0
0
0
0
5
1
8
8
10
9
1
4
0
0
0
0
0
0
0
0
0
0
0
0
0
0
0
0
0
0
0
0
5
7
2
2
3
14
3
0
0
0
0
0
0
0
0
0
0
0
0
0
0
0
0
0
0
0
0
0
2
4
4
4
0
0
0
0
0
0
0
9
0
0
0
0
0
0
0
0
0
0
2
0
10
7
4
3
0
0
0
0
0
0
0
0
0
0
0
0
0
0
0
0
0
0
0
0
0
10
9
3
9
17
18
22
14
20
23
25
29
26
42
38
32
25
28
43
42
34
34
30
34
26
29
31
24
22
16
21
19
8
13
4
8
7
3
8
4
4
5
8
6
1
3
0
0
0
0
0
0
2
20
21
15
11
6
7
3
0
2
0
3
5
8
12
10
12
9
12
13
19
20
18
14
22
19
34
39
48
55
66
68
58
62
65
65
69
70
80
91
109
127
147
156
170
173
188
206
233
243
241
251
248
254
251
317
300
312
297
269
264
254
239
238
228
240
245
271
322
335
344
344
378
413
400
451
452
441
409
380
370
363
376
364
363
368
368
355
332
315
314
300
287
282
276
284
286
277
263
259
269
269
297
301
321
321
322
347
359
372
355
383
368
330
340
312
323
326
390
427
433
437
433
428
427
446
450
466
469
458
458
441
451
485
479
470
460
455
450
440
504
491
467
455
447
441
422
402
395
374
373
369
364
368
360
349
340
335
320
321
314
297
296
295
294
292
305
299
297
299
315
317
327
331
350
376
385
391
420
417
426
410
417
421
423
433
419
435
451
438
442
443
452
440
433
453
441
449
430
437
488
539
557
564
567
564
547
549
554
527
513
493
488
480
473
477
478
501
524
539
558
562
540
518
516
496
492
492
476
481
479
478
463
483
461
463
469
474
488
494
498
499
488
504
501
501
503
501
483
486
481
480
486
494
494
512
509
516
516
513
518
526
515
514
523
512
528
530
538
524
533
531
531
536
545
534
540
539
552
532
552
582
603
607
606
582
576
602
592
598
567
574
551
566
554
554
562
561
551
548
556
564
556
564
557
545
544
546
543
549
547
562
554
553
545
535
553
541
543
544
535
543
541
517
536
536
536
544
534
541
528
549
529
528
539
561
551
562
544
547
566
573
573
564
549
551
549
556
538
550
536
541
531
516
518
511
514
521
518
510
511
518
518
519
521
521
524
538
531
526
536
526
526
518
516
536
536
541
558
576
577
630
632
671
657
644
673
671
658
685
693
691
707
708
692
709
715
725
725
728
664
608
573
536
489
459
440
428
407
382
350
337
314
292
285
268
259
256
250
242
234
235
227
229
225
228
215
210
205
203
199
194
192
184
185
180
183
174
166
162
159
158
159
159
165
169
184
181
188
214
225
233
231
247
259
272
272
274
266
280
286
289
312
308
326
364
359
367
382
370
398
397
408
412
420
417
432
424
426
438
436
451
470
475
475
468
476
486
490
493
491
498
510
514
521
530
546
544
558
570
580
599
575
600
600
589
628
627
598
583
598
623
641
647
665
633
665
659
662
660
644
659
654
659
640
661
677
694
681
702
665
668
674
694
699
701
707
711
733
718
713
702
727
700
695
747
793
781
813
831
825
800
779
772
752
762
797
865
846
851
815
805
889
918
919
905
896
874
851
843
907
942
953
952
962
920
957
982
992
1175
1203
1162
1150
1109
1110
1062
1068
1057
1074
1069
1073
1025
1016
954
901
844
809
814
891
891
928
931
914
911
923
916
907
915
911
933
914
894
918
911
866
845
821
789
718
728
753
789
761
761
749
788
805
783
772
767
780
793
791
845
852
899
910
910
870
859
855
857
838
843
843
767
769
753
749
781
780
791
791
805
797
813
794
800
809
796
789
787
774
775
777
764
754
736
747
718
653
582
549
528
495
466
461
431
412
400
394
372
348
335
329
325
305
279
301
311
309
312
297
279
259
249
232
230
239
232
227
223
218
223
221
218
215
206
211
202
210
204
203
199
190
195
192
188
188
192
193
196
193
190
175
180
186
174
173
166
179
184
170
163
159
152
156
149
146
141
140
132
125
120
116
127
123
112
110
97
96
87
83
75
69
80
76
74
77
76
84
86
84
76
78
84
88
88
91
88
90
101
109
106
112
115
104
101
105
100
92
81
83
82
85
86
83
81
83
80
82
79
79
79
97
98
96
95
95
81
87
81
86
91
85
96
101
106
104
104
98
98
99
96
91
93
94
92
100
90
100
96
91
108
116
112
107
110
106
106
110
111
105
106
111
125
127
130
122
124
117
123
134
126
123
114
106
94
95
79
87
96
102
97
96
85
90
98
89
81
82
79
79
81
83
84
73
76
72
65
77
70
77
77
87
93
81
86
95
94
96
101
96
92
96
98
99
90
87
79
73
70
80
69
87
91
80
82
89
83
82
78
74
73
75
73
80
73
78
90
83
81
85
90
82
84
91
88
90
88
82
72
75
76
79
89
92
115
118
130
139
161
165
182
181
185
179
185
177
189
182
175
184
201
199
194
194
198
184
173
167
163
152
150
150
143
154
143
149
144
148
135
137
126
124
122
119
110
107
107
102
99
93
95
102
93
91
86
89
88
82
79
80
79
84
86
83
83
74
65
64
60
70
64
61
59
60
55
53
59
61
59
63
59
52
48
53
46
46
42
49
51
45
42
49
50
59
64
63
74
70
71
71
61
60
74
84
86
81
71
67
63
66
54
54
50
49
45
42
49
52
45
55
57
59
65
70
67
67
69
77
72
76
77
78
80
84
94
99
87
93
92
97
101
107
114
121
140
171
172
178
177
200
230
242
255
268
271
275
277
251
252
250
251
258
257
259
254
252
250
246
258
299
316
307
296
282
261
272
266
282
298
319
313
322
325
315
316
286
282
277
284
286
299
287
284
276
279
272
266
267
263
279
269
278
272
266
285
279
294
285
291
301
323
322
339
358
377
375
393
381
378
376
386
380
373
383
374
386
387
388
381
378
392
382
398
395
405
403
403
400
394
389
387
392
381
383
383
375
427
463
465
465
454
451
460
446
448
440
450
455
450
448
453
456
443
427
425
408
407
387
378
391
371
360
350
345
337
344
334
347
332
336
330
349
339
338
327
329
334
344
342
338
339
349
359
366
359
370
374
359
367
357
351
357
344
355
347
352
342
351
345
332
347
335
343
345
343
334
351
380
375
383
385
387
390
388
379
395
397
393
401
393
393
397
403
402
402
405
407
392
400
400
395
410
395
393
379
388
382
386
395
437
504
501
530
540
559
559
555
545
536
533
542
532
545
546
534
534
534
533
542
541
561
535
538
532
524
516
526
544
559
567
625
639
701
745
749
758
727
720
705
700
683
675
682
677
669
630
590
566
591
700
801
880
915
901
865
856
808
757
754
709
707
763
743
749
736
707
725
718
693
684
650
625
739
791
804
839
822
801
786
753
746
707
645
569
524
509
491
469
440
422
415
378
351
359
335
327
324
317
304
297
299
300
295
294
284
303
296
312
312
356
357
369
357
347
342
347
329
351
325
329
345
331
329
332
316
311
314
296
295
297
292
295
299
281
281
277
282
297
287
304
349
367
371
397
390
384
372
364
357
330
339
330
331
360
379
400
468
468
465
461
529
737
804
1073
2277
2618
2801
3299
3951
4427
5164
5265
4888
4803
4141
4041
3765
3223
3494
3419
3158
2960
2745
2570
2350
2143
2073
1983
1810
1630
1478
1376
1276
1168
1125
1081
1025
988
935
888
842
764
726
700
643
631
627
589
558
541
531
508
485
474
456
438
432
413
413
404
396
403
391
380
378
375
362
353
332
330
325
306
306
311
288
287
287
313
307
311
312
279
270
262
239
224
216
227
222
221
220
218
217
215
220
223
225
232
219
220
219
214
219
217
223
226
230
237
250
257
263
271
287
302
309
317
326
352
350
372
378
394
390
402
410
408
420
440
427
446
445
455
460
466
476
478
463
473
447
466
472
470
483
485
523
552
534
528
526
515
500
511
486
472
458
439
445
438
428
405
430
473
471
458
451
443
454
453
444
433
438
432
433
414
407
391
404
391
384
374
381
363
355
357
351
340
349
334
337
339
338
317
308
310
321
321
314
319
335
332
313
328
329
329
352
382
375
374
360
364
372
382
370
368
371
374
372
367
376
362
361
364
409
382
393
397
380
367
393
378
380
373
408
468
491
484
468
498
489
491
493
458
506
490
520
614
611
683
685
719
708
711
699
691
686
685
635
617
568
564
544
529
518
Starting new set of measurements
0
0
0
0
0
0
0
0
0
0
0
0
0
0
0
0
0
0
0
0
0
0
0
1
0
0
2
2
0
0
1
0
0
2
0
4
0
0
0
4
1
0
0
0
1
0
6
7
0
0
7
0
3
8
0
0
0
3
3
0
0
0
2
0
1
4
3
0
0
0
0
0
4
1
0
0
1
2
0
3
2
3
0
0
0
0
1
3
0
3
0
0
0
0
0
0
0
0
0
0
0
0
0
0
5
0
0
0
0
0
0
0
0
0
0
4
0
0
6
0
6
8
4
3
4
2
0
0
1
3
0
0
5
0
0
8
2
0
0
1
0
0
0
0
5
6
3
5
0
0
2
0
3
0
0
0
0
3
2
4
4
0
0
1
4
4
0
0
0
0
0
0
0
0
0
0
0
0
0
0
0
0
0
0
0
0
0
0
0
0
0
8
4
1
9
18
18
21
26
41
39
41
45
43
46
44
39
40
50
51
50
54
63
60
66
58
53
52
66
56
52
44
40
39
32
30
23
26
28
29
39
33
37
35
37
33
35
29
27
32
31
29
32
22
23
25
31
35
40
43
34
11
1
0
0
0
0
0
0
0
0
4
34
33
36
44
51
43
55
56
62
57
49
55
58
61
64
62
56
52
44
42
30
34
25
22
23
17
15
18
15
10
5
2
10
6
3
2
0
2
7
10
18
28
29
34
45
52
51
51
49
61
59
53
52
53
48
46
33
22
7
2
0
0
0
0
0
0
0
0
0
0
0
0
2
0
0
2
7
0
5
4
10
9
13
23
21
27
30
36
35
35
37
37
34
37
40
39
43
43
51
53
57
61
63
72
63
63
65
59
58
64
60
63
77
95
159
473
1190
1336
1295
1169
1039
893
739
603
533
458
394
332
275
242
215
192
177
151
132
132
115
106
105
100
96
100
99
93
86
79
75
70
70
71
65
65
65
61
67
70
63
65
54
41
35
37
25
25
18
14
4
0
1
0
0
0
2
2
2
4
2
3
0
0
0
0
0
1
0
4
4
6
12
20
20
22
24
24
21
20
7
4
0
4
0
4
8
12
14
10
8
1
5
5
3
7
7
2
5
3
5
0
8
6
8
7
3
8
11
7
12
5
8
16
24
32
41
45
31
29
24
12
13
14
5
3
8
6
11
17
9
10
7
5
11
6
14
21
15
17
26
24
31
28
30
33
35
29
41
47
57
71
78
85
94
96
94
95
86
86
88
109
101
103
97
87
80
73
73
59
55
52
47
40
39
31
38
38
44
48
44
43
43
52
44
42
44
46
46
27
40
30
31
27
26
14
10
11
10
19
10
13
14
1
0
0
0
0
0
0
0
0
3
0
8
0
0
0
0
0
0
0
0
1
0
1
6
8
0
0
0
0
0
0
0
0
5
1
13
19
27
27
39
37
34
47
45
46
54
55
57
59
63
64
59
65
62
73
67
71
73
77
74
71
84
82
81
78
79
79
86
80
82
76
76
74
79
74
73
83
83
81
86
87
94
101
105
102
99
99
96
97
104
106
104
105
103
109
105
105
99
97
96
93
94
89
88
82
80
81
85
80
81
76
67
69
72
66
63
65
73
69
69
70
77
77
84
78
82
78
73
77
71
69
70
72
74
71
65
66
64
62
60
60
59
64
64
62
55
56
59
52
58
58
59
52
52
54
54
50
53
38
37
29
33
32
32
37
33
41
38
46
44
56
52
58
52
57
60
64
71
69
85
79
91
83
88
85
87
80
84
78
91
94
96
96
94
95
97
88
83
76
71
71
63
62
58
55
54
48
39
48
58
52
56
64
60
62
52
47
45
41
46
40
39
41
35
27
30
24
25
36
32
38
39
34
37
42
35
39
39
45
43
44
50
43
55
46
52
56
53
49
50
54
51
48
54
51
52
41
45
41
40
30
23
25
16
16
19
20
19
15
22
11
23
5
7
2
0
3
0
0
0
0
0
0
0
6
0
0
0
0
1
3
8
6
5
4
0
7
9
4
9
4
4
0
7
16
33
31
34
36
49
54
61
61
64
66
72
76
75
77
79
80
81
74
73
68
57
56
48
46
51
50
49
59
56
63
60
67
63
67
72
77
85
86
89
91
93
104
93
96
101
103
97
102
96
97
97
93
83
90
92
89
90
86
92
79
89
87
93
85
79
89
80
84
78
81
77
76
73
76
82
78
82
74
80
80
80
74
74
71
72
74
72
65
62
61
51
56
49
43
44
42
44
42
39
41
38
40
35
46
38
50
45
38
38
33
31
26
27
28
28
29
30
26
24
19
24
29
27
34
39
41
36
39
46
47
49
53
52
48
50
59
56
60
48
39
38
37
42
44
43
46
54
52
60
61
61
65
63
65
60
62
58
65
64
62
65
65
65
64
68
73
71
70
65
65
69
71
71
74
67
75
77
75
72
79
76
70
72
71
73
66
73
62
60
59
57
53
59
61
55
57
65
62
59
62
61
61
63
56
60
54
59
71
70
72
71
68
68
77
69
59
61
62
54
58
52
52
44
48
56
53
52
54
53
56
48
45
45
48
56
47
48
49
46
52
57
61
65
64
59
55
54
42
56
50
57
51
56
50
46
48
47
47
46
50
43
36
36
48
36
36
43
45
48
42
51
43
43
41
46
41
39
35
31
29
31
26
29
33
31
29
35
28
25
25
36
26
34
26
25
22
22
25
23
19
11
7
3
0
0
0
0
0
0
0
0
0
0
0
0
1
0
0
0
2
4
0
4
8
4
9
8
16
18
21
15
18
19
15
19
27
27
32
34
41
34
38
51
50
48
47
46
45
43
41
40
48
43
49
49
64
65
61
60
55
63
56
66
66
60
58
62
53
59
56
58
56
55
58
54
56
54
54
61
58
60
55
53
60
61
65
59
57
60
59
59
57
63
64
72
71
80
83
82
86
85
84
89
86
86
83
76
74
77
77
79
85
86
89
86
80
72
72
77
71
70
77
84
81
79
81
81
77
77
79
78
76
81
81
79
79
87
81
80
86
77
88
85
85
93
86
86
93
89
84
81
79
78
74
72
63
72
61
64
71
64
63
62
58
55
53
49
54
46
50
48
50
55
54
53
57
48
50
51
49
48
52
54
49
49
56
57
49
48
55
50
51
48
45
52
54
53
54
56
58
54
49
46
44
47
53
54
55
52
58
53
59
57
55
59
51
47
50
53
56
51
54
49
41
47
41
37
38
33
31
33
31
38
34
28
34
40
36
32
31
26
28
24
40
32
32
34
34
33
37
40
36
31
41
43
46
40
40
31
30
30
39
36
34
34
36
28
31
21
13
19
12
12
12
13
10
13
18
10
13
14
14
15
10
9
12
6
9
10
5
6
2
2
7
12
12
11
19
15
12
15
11
15
9
13
21
24
26
21
24
35
35
37
37
44
44
49
50
49
63
68
59
65
67
75
75
75
84
80
88
80
84
91
83
74
70
65
67
57
59
54
57
67
56
57
52
52
54
62
57
56
45
52
43
45
45
39
44
39
39
36
38
33
42
36
36
42
36
37
48
43
42
43
45
42
48
40
52
52
47
51
52
51
48
48
56
60
61
58
57
57
53
55
56
50
58
50
54
52
51
55
55
55
54
55
60
61
60
61
60
61
62
65
64
66
74
71
68
69
63
67
63
67
66
64
72
73
68
67
64
63
58
63
66
47
51
53
45
50
45
51
51
53
60
57
56
61
66
64
69
70
73
68
75
72
77
76
73
72
67
74
76
75
75
71
85
98
91
97
94
91
83
82
80
92
89
90
81
80
74
70
60000
60000
60000
60000
60000
60000
52227
6809
5390
9558
4793
2533
1748
1194
925
722
776
531
362
324
282
249
277
205
169
272
60000
60000
60000
60000
60000
60000
60000
60000
60000
60000
52227
45883
44245
33299
23330
14173
9288
6167
4357
3780
2616
60000
60000
60000
60000
60000
60000
60000
60000
60000
60000
60000
60000
60000
60000
60000
60000
60000
60000
60000
60000
60000
60000
60000
60000
60000
60000
60000
60000
60000
57316
60000
60000
60000
60000
60000
60000
60000
60000
60000
60000
60000
60000
60000
60000
60000
60000
60000
60000
60000
60000
60000
60000
60000
60000
60000
60000
60000
60000
60000
60000
60000
60000
58118
37517
20542
16603
13914
9513
5445
3274
3269
3389
4171
3890
5064
5024
4883
60000
60000
60000
60000
60000
60000
60000
60000
60000
60000
60000
60000
60000
60000
60000
60000
60000
37169
16672
13835
29500
49020
20158
14713
60000
60000
60000
60000
60000
60000
60000
60000
57281
15625
5801
2660
1381
946
581
393
284
236
239
216
174
138
2191
19147
60000
60000
60000
60000
60000
60000
60000
60000
42641
60000
60000
60000
27548
9805
4919
3213
2166
1281
1570
60000
60000
60000
60000
60000
59895
57839
41282
52645
35426
12147
5480
12428
60000
60000
60000
60000
60000
60000
8567
2304
1010
542
372
344
305
317
270
276
247
242
243
60000
60000
60000
60000
60000
60000
58919
59442
24411
9029
4934
3554
2563
1540
1108
911
738
498
377
404
329
246
218
170
141
134
114
94
79
68
60
45
42
23
26
0
0
1260
60000
60000
60000
60000
60000
60000
60000
60000
60000
60000
60000
60000
60000
60000
60000
60000
60000
60000
60000
60000
60000
60000
60000
60000
60000
56479
43269
21936
44001
42920
47835
21064
60000
60000
60000
60000
60000
60000
60000
60000
57037
28489
11843
8387
9423
8196
5079
3048
1967
9636
4763
2468
1367
972
575
417
384
385
251
198
151
117
98
84
65
44
56
19
10
189
157
122
104
151
131
110
78
55
25
8
0
0
0
0
0
0
0
0
0
0
0
0
0
0
0
0
0
0
0
0
0
0
0
0
0
311
60000
60000
58118
6333
12563
6263
2794
1381
870
556
358
234
172
126
93
65
32
15
0
0
0
0
0
0
60000
60000
60000
60000
46580
13227
5019
2140
1069
550
374
291
224
60000
60000
60000
60000
60000
35914
9895
3745
1833
1369
888
572
519
349
237
60000
60000
60000
47451
4522
60000
54388
60000
60000
60000
43966
10447
3504
1596
962
549
372
240
60000
60000
60000
60000
60000
56898
43896
11528
16221
16777
9288
5129
2812
1912
1425
11111
28419
11347
4753
2281
1596
935
534
365
240
222
202
196
173
162
134
84
62
43
36
29
29
21
6
0
0
0
0
0
0
0
0
0
0
0
0
0
0
0
0
0
0
0
0
0
0
0
0
0
0
0
0
0
0
0
0
0
0
0
0
0
0
0
0
0
0
0
0
0
0
0
0
0
0
0
0
0
0
0
0
0
0
0
0
0
0
0
0
0
0
0
0
0
0
0
0
0
0
0
497
666
817
711
552
451
387
299
243
201
174
138
107
74
69
44
24
17
4
0
0
0
0
0
0
0
0
0
0
0
0
0
0
0
0
0
0
0
0
0
0
0
0
0
0
0
0
0
0
0
0
0
0
0
0
0
0
0
0
0
0
0
0
0
0
0
0
0
0
0
0
0
0
0
0
0
0
0
0
0
0
0
0
0
0
0
0
0
0
0
0
0
0
0
0
0
0
0
0
0
0
0
0
0
0
0
0
0
0
0
0
0
0
0
0
0
0
0
0
0
0
0
0
0
0
0
0
0
0
0
0
0
0
0
0
0
0
0
0
0
0
0
0
0
0
0
0
0
0
0
0
0
0
0
0
0
0
0
0
0
0
0
0
0
0
0
0
0
0
0
0
0
0
0
0
0
0
0
0
0
0
0
0
0
0
0
12
19
18
32
40
37
41
50
41
39
39
44
37
34
33
39
41
52
49
54
64
62
67
79
89
89
85
87
97
111
114
116
120
133
128
137
138
140
146
141
143
163
166
162
165
158
161
161
164
160
159
158
153
156
156
152
159
153
152
154
155
162
162
157
153
152
146
136
127
124
123
124
127
122
134
130
151
166
183
196
210
209
217
225
234
234
239
244
243
245
248
265
259
264
271
276
300
309
318
323
324
330
335
315
329
319
320
327
325
331
325
340
335
337
352
355
372
384
378
374
356
340
344
339
349
351
360
362
369
380
384
397
409
407
412
413
411
395
421
424
421
425
417
430
448
436
446
456
465
465
450
463
443
446
444
450
441
455
462
470
480
486
492
510
522
529
528
538
545
551
566
578
575
574
586
576
566
549
554
529
521
504
476
449
413
395
383
351
332
318
299
271
281
280
276
277
261
250
243
239
237
235
238
224
221
215
203
192
178
166
161
157
149
143
142
140
146
132
131
126
115
114
110
108
105
103
101
89
85
83
78
68
61
55
56
63
47
44
45
48
43
47
47
42
36
31
27
29
24
19
23
20
17
24
22
21
18
16
21
30
26
23
31
23
21
25
26
30
30
29
36
40
40
47
48
49
46
39
43
39
37
38
40
46
55
46
56
49
47
46
29
19
24
22
14
13
18
21
18
14
19
11
15
8
12
13
12
5
2
5
0
5
0
0
0
0
0
0
0
0
0
0
0
0
0
0
0
0
0
0
0
0
0
0
0
0
0
0
7
9
15
18
23
18
13
22
9
16
10
4
0
0
0
0
0
0
0
0
0
3
10
9
4
0
0
0
1
1
0
5
2
7
2
7
0
4
6
13
4
0
3
0
2
0
0
0
3
0
0
0
0
2
9
6
13
16
14
19
24
10
10
6
6
11
18
14
18
19
19
21
23
19
17
17
19
15
9
9
20
14
18
18
13
10
12
16
13
13
4
2
0
0
0
0
0
0
0
0
0
0
0
0
4
2
0
0
0
0
0
0
0
0
0
0
0
0
0
0
0
0
0
0
0
0
0
0
0
0
0
0
0
0
0
0
0
0
0
0
0
0
0
2
0
0
0
0
2
0
0
0
0
0
0
0
0
0
0
0
0
4
0
0
0
0
0
0
0
0
0
0
0
0
0
0
3
10
11
8
9
7
4
10
0
8
5
6
9
8
7
12
4
14
8
6
8
15
23
12
20
14
13
16
22
21
21
34
27
31
31
28
27
36
35
35
33
33
34
32
30
33
31
27
26
20
23
27
25
22
29
35
37
37
41
38
36
39
41
41
46
41
46
54
52
62
63
60
63
66
68
77
77
78
85
82
88
82
84
87
92
94
94
102
105
103
105
108
108
105
113
111
112
106
112
114
115
114
121
119
121
122
127
132
128
129
134
138
138
138
142
146
151
157
156
164
161
155
165
161
168
168
185
185
185
185
184
185
189
182
180
188
197
190
210
203
208
210
203
196
201
201
201
192
183
177
176
173
176
174
166
173
170
173
171
158
159
157
161
153
158
162
152
162
154
153
154
165
168
170
177
175
179
183
186
181
192
190
197
196
202
202
203
202
207
209
210
205
207
213
211
206
204
201
208
214
210
212
218
220
220
226
226
222
232
232
231
247
243
244
250
249
250
263
268
271
281
269
272
282
289
291
302
309
311
324
330
345
347
354
354
354
357
355
360
375
366
365
360
361
359
371
387
369
377
377
389
380
376
365
375
381
360
355
353
338
328
342
337
331
354
355
361
385
396
411
425
418
432
429
446
441
453
446
463
463
478
480
493
491
501
497
512
518
513
514
517
532
533
537
542
538
541
542
547
539
556
546
544
536
518
523
521
536
531
523
522
527
528
534
517
514
528
521
507
496
476
475
453
443
439
422
422
418
403
393
409
413
394
395
398
391
388
388
386
403
397
390
393
405
403
399
388
393
383
375
387
395
397
425
398
392
374
372
378
382
377
380
378
378
376
374
385
383
394
406
408
402
397
401
397
405
420
409
407
415
402
411
408
383
384
385
374
368
370
377
380
374
378
383
377
376
384
383
385
392
408
395
377
385
374
382
405
383
371
365
378
380
375
393
401
410
408
421
421
415
412
411
408
418
415
421
412
413
415
425
441
431
453
451
458
476
467
463
439
432
434
410
387
364
347
331
317
292
290
268
254
245
250
245
237
233
224
223
208
214
200
196
190
185
191
193
198
184
194
192
191
188
187
184
177
173
173
176
172
166
166
173
172
174
176
184
184
177
171
173
158
163
162
156
151
156
151
156
153
153
144
142
142
135
128
120
115
108
106
115
102
102
96
93
93
97
95
94
109
170
220
283
359
388
428
461
516
550
606
643
667
730
783
812
800
766
777
749
753
746
752
752
792
801
822
851
879
905
916
935
954
981
998
1029
1020
1047
1067
1084
1073
1106
1124
1119
1131
1147
1154
1159
1165
1194
1190
1191
1195
1226
1252
1267
1289
1317
1331
1362
1367
1276
1232
1168
1110
1064
997
947
885
857
820
749
684
681
634
625
569
555
538
529
514
498
472
453
450
425
421
412
382
372
370
352
339
317
301
291
283
276
258
256
242
246
247
241
237
232
224
218
212
213
197
199
195
188
186
187
183
180
171
170
162
167
162
156
148
151
142
137
144
138
142
140
130
130
133
134
136
128
124
130
131
137
131
131
127
128
128
121
120
107
102
103
101
101
103
97
98
93
88
95
91
86
93
89
89
98
99
100
103
110
105
98
93
97
99
97
91
84
95
95
87
93
93
91
93
86
84
89
86
80
78
83
77
74
69
65
64
66
66
61
67
62
61
65
68
58
59
63
58
54
62
62
69
65
64
67
61
63
67
64
71
63
63
59
60
66
66
65
65
64
71
70
65
65
64
71
71
65
78
62
70
64
70
70
63
70
74
65
68
70
67
71
65
71
68
67
77
75
78
76
74
73
68
69
74
73
75
69
69
72
77
79
75
84
76
80
81
81
71
71
75
73
75
77
74
76
77
75
70
73
69
68
67
68
69
71
69
64
68
66
63
70
63
64
70
69
72
65
56
58
57
63
64
60
61
62
66
67
65
68
64
66
63
70
73
71
77
75
74
70
73
70
63
64
65
66
59
56
58
54
59
55
50
52
54
66
104
112
120
115
111
106
98
92
89
79
74
72
73
64
67
59
55
62
54
52
48
45
43
46
43
30
41
38
33
37
24
26
23
24
22
16
19
14
14
10
8
4
0
0
0
4
0
9
4
1
4
5
4
8
3
1
4
8
8
8
3
4
10
0
10
16
14
27
22
30
30
31
29
22
21
22
20
10
13
16
10
6
0
0
7
0
0
0
0
0
0
0
9
9
9
10
7
7
12
9
7
13
8
5
7
6
8
8
2
0
0
0
0
0
0
0
0
1
8
7
4
8
10
12
19
24
24
22
27
28
27
21
21
26
26
26
37
39
40
38
39
32
36
36
31
33
36
38
37
36
45
30
35
30
29
32
29
32
28
28
30
27
38
29
29
39
37
37
44
40
36
43
33
37
35
36
42
38
44
40
38
38
43
47
42
36
45
38
42
52
52
56
61
55
59
60
64
63
61
60
59
53
58
56
60
59
51
54
58
55
53
54
55
53
57
47
49
47
41
46
42
37
38
34
33
26
34
35
34
35
38
41
42
32
36
31
36
36
35
35
35
42
48
41
44
46
45
52
51
53
51
58
55
52
58
49
59
49
57
51
55
62
54
57
63
58
57
56
61
66
67
64
59
58
55
60
63
63
68
73
67
74
77
71
76
76
80
77
82
76
79
80
83
82
86
82
91
92
96
96
99
101
103
109
108
104
110
121
128
136
142
144
153
158
159
158
159
153
153
158
169
173
170
169
181
188
184
189
195
203
201
208
214
228
220
231
235
237
235
236
233
238
244
252
258
253
249
263
274
274
281
282
306
310
325
305
313
329
302
314
313
314
310
320
306
314
298
303
299
289
292
268
277
270
277
281
281
292
299
295
306
299
307
313
303
292
301
305
294
288
282
280
295
311
300
306
308
295
294
301
282
288
285
282
282
275
276
273
277
286
286
281
287
301
300
296
289
297
311
294
291
308
304
307
304
314
295
307
307
306
306
309
312
307
288
301
282
294
287
282
267
279
261
263
254
253
251
265
255
254
252
263
264
267
257
255
258
255
262
266
268
282
279
287
282
301
298
302
309
325
347
337
344
352
347
352
355
356
341
347
348
344
342
332
343
337
346
339
324
340
336
315
340
332
329
335
347
339
336
327
335
345
357
354
352
360
355
352
347
360
350
355
358
366
363
359
360
355
360
354
354
355
361
364
382
377
379
370
378
373
380
382
377
385
392
391
395
403
401
392
386
393
387
370
355
352
350
354
354
359
354
344
334
337
329
331
321
326
317
325
335
327
317
317
322
314
316
320
306
317
316
311
313
296
299
297
285
291
296
296
273
287
296
281
293
293
269
263
251
252
256
255
249
254
251
244
245
244
243
246
248
248
244
245
239
247
250
250
254
252
261
263
258
274
262
258
259
255
253
247
245
238
251
254
251
248
246
239
254
251
247
247
247
253
251
247
247
253
253
261
248
251
249
244
236
239
231
235
220
223
216
207
210
205
212
201
207
204
201
199
197
200
202
203
211
206
207
206
207
207
201
202
201
202
199
199
197
204
199
203
206
207
206
210
212
213
213
209
213
213
207
205
202
210
207
205
207
202
207
209
204
208
207
211
209
213
214
225
221
217
221
214
220
223
225
214
221
219
223
224
221
222
230
228
230
224
234
234
237
234
228
231
226
229
222
225
228
222
227
232
224
232
226
227
225
221
225
224
226
225
224
220
221
210
214
209
215
212
216
219
211
218
218
216
222
228
229
229
231
232
236
230
231
242
240
247
239
231
240
235
234
234
218
221
218
215
215
207
201
199
197
192
189
192
183
184
172
176
178
173
170
170
167
172
171
172
174
179
182
181
184
189
190
185
183
188
191
198
203
206
212
217
212
216
216
227
225
232
230
234
243
238
228
232
231
236
247
250
254
251
260
259
257
250
255
272
246
246
245
245
252
239
236
238
237
230
220
217
212
214
207
210
210
214
210
215
219
222
226
229
231
233
228
234
232
220
221
229
232
245
250
241
243
250
255
248
252
282
269
261
264
256
253
260
254
257
259
251
261
268
267
263
265
260
253
255
251
276
251
252
249
249
251
260
251
253
246
248
249
247
248
250
261
271
274
274
277
287
294
291
291
294
312
302
301
304
297
277
278
277
268
262
266
261
245
245
240
241
243
242
239
244
241
239
238
242
230
232
237
239
238
241
246
244
244
247
248
244
241
247
250
241
239
240
238
232
233
234
230
234
229
230
229
231
222
225
228
225
223
230
231
226
228
224
228
228
225
224
216
214
214
206
209
220
212
212
213
211
210
207
211
213
210
204
208
205
214
211
216
208
210
209
212
216
212
226
226
228
229
231
235
243
246
250
264
271
282
275
299
297
310
320
317
334
341
339
342
354
360
362
362
382
390
394
398
405
417
429
432
430
440
450
460
467
465
477
477
485
487
492
499
494
505
523
517
518
528
534
541
544
543
552
570
586
574
576
590
606
606
609
614
602
596
605
602
623
633
619
615
605
609
628
623
619
648
645
645
654
652
676
696
678
690
720
715
705
666
637
620
585
583
583
586
607
581
606
594
601
610
617
605
624
635
641
659
674
675
686
675
681
688
684
683
700
686
704
727
699
708
710
726
696
692
712
704
694
686
711
702
702
717
716
692
721
729
733
705
727
709
736
754
736
734
713
719
713
718
674
690
691
693
703
695
696
718
711
704
725
684
707
687
692
693
674
667
667
665
674
656
657
642
619
630
615
586
577
589
574
576
573
569
570
567
577
560
581
555
564
549
551
558
552
552
547
561
544
551
528
531
526
519
524
528
532
539
525
526
517
516
524
531
523
518
528
518
528
528
526
521
514
517
517
523
521
531
529
520
518
513
498
510
506
519
506
520
511
516
516
514
511
516
521
519
530
511
519
529
541
531
535
548
539
554
548
559
560
572
576
577
601
588
609
611
624
636
656
679
678
688
686
696
677
666
690
687
688
679
704
666
677
665
661
664
681
673
664
626
633
664
670
670
668
678
688
702
688
675
694
698
677
710
691
683
696
681
656
676
661
643
645
636
657
640
665
650
647
633
657
639
626
632
631
614
620
607
589
594
585
577
565
562
554
556
552
545
542
536
544
540
551
557
569
564
566
569
557
560
555
567
567
549
564
577
580
569
582
593
596
603
615
623
630
640
641
674
668
674
653
667
635
650
644
626
635
628
612
581
579
610
583
601
591
593
598
609
585
597
607
601
591
597
602
619
603
606
612
618
625
582
580
572
581
584
572
602
605
626
635
658
647
642
660
691
659
674
676
666
687
704
704
699
717
719
711
685
648
634
626
594
578
545
538
526
519
506
503
513
504
513
518
503
498
491
503
494
496
491
496
485
474
481
498
492
505
511
511
508
523
528
533
536
529
533
533
548
545
553
568
574
564
583
623
607
597
588
578
571
579
566
565
580
579
572
563
559
553
549
541
531
513
500
481
471
448
463
445
427
434
432
446
446
445
448
458
471
470
468
461
463
456
461
443
445
458
453
464
455
468
455
443
442
445
445
427
450
446
417
425
405
406
401
402
386
407
409
414
412
434
412
415
410
406
414
402
405
403
405
403
398
408
402
399
395
419
425
413
433
427
436
440
441
441
433
438
436
450
439
432
419
410
399
382
367
359
364
355
362
346
360
359
359
372
378
387
390
399
407
403
397
399
377
388
374
366
377
373
361
363
365
369
382
374
378
379
380
379
366
363
350
352
348
338
340
326
307
316
311
317
314
319
305
309
313
311
323
309
324
324
325
321
317
319
329
340
329
332
334
341
337
345
344
343
327
316
315
297
300
272
268
258
244
228
226
267
222
237
257
344
455
614
945
1247
1600
2007
2445
2978
3865
4778
5751
6709
8196
10143
11719
13621
15298
17509
22459
26816
31800
36541
41805
41630
37203
30894
24376
17683
14443
12721
11145
9727
7824
6744
6092
5500
4934
4252
3775
3188
2978
2787
2637
2482
2369
2191
2011
1905
1762
1688
1554
1427
1335
1289
60000
60000
60000
60000
60000
60000
60000
60000
60000
60000
60000
60000
60000
44802
26189
15141
11066
7171
5631
4868
15220
37552
60000
60000
60000
60000
60000
60000
60000
60000
60000
60000
60000
60000
60000
60000
60000
60000
60000
60000
53238
36506
17614
12383
9051
6794
5907
4954
4201
4161
4452
4277
3244
60000
60000
60000
60000
60000
60000
60000
60000
60000
60000
60000
60000
60000
60000
60000
60000
60000
60000
60000
60000
60000
60000
60000
60000
60000
60000
60000
60000
60000
60000
60000
57072
32219
18346
11910
6809
4537
2888
2127
1515
1144
919
717
648
534
482
440
421
409
385
388
392
364
356
319
294
256
254
243
240
243
243
237
236
232
225
227
228
231
237
268
291
307
341
347
365
418
1313
60000
60000
60000
60000
60000
60000
60000
60000
60000
60000
60000
60000
60000
60000
60000
60000
60000
60000
60000
60000
60000
60000
60000
52854
48253
44175
43025
41770
36994
25875
16008
11955
10064
20263
60000
60000
60000
60000
60000
60000
60000
60000
60000
60000
60000
60000
60000
60000
60000
60000
60000
52994
43652
34938
27862
20054
14128
11021
8455
6834
5922
4618
4337
7160
10075
14308
60000
60000
60000
60000
60000
60000
60000
60000
60000
60000
60000
60000
60000
60000
60000
58397
41282
24411
14308
10976
8004
6448
6769
4924
3324
2507
2013
1526
1209
1054
996
939
952
972
997
970
894
805
734
651
552
495
447
429
451
515
581
667
715
640
561
539
522
494
441
388
355
303
269
251
224
222
217
210
206
201
196
198
197
190
200
221
237
243
254
254
260
248
239
246
267
269
281
292
274
290
300
316
1773
60000
60000
60000
60000
60000
60000
60000
60000
60000
60000
60000
60000
60000
60000
60000
60000
60000
60000
60000
60000
60000
60000
60000
60000
56096
53377
54946
48183
41526
40341
39574
39748
40724
40898
36367
21727
13723
9243
6182
4853
3845
3050
2625
2288
1981
1771
1780
1783
1586
1286
1184
1134
1150
1103
2452
60000
60000
60000
60000
60000
60000
60000
60000
60000
60000
60000
60000
60000
60000
60000
60000
54632
35321
18624
12664
9355
6980
6172
5475
4618
4041
3264
60000
60000
60000
60000
60000
60000
60000
60000
60000
60000
60000
60000
60000
60000
60000
60000
60000
60000
60000
60000
60000
60000
53377
38528
28245
27583
60000
60000
60000
60000
60000
60000
60000
60000
60000
59930
45778
30197
18415
13723
10751
8196
6709
60000
60000
60000
60000
60000
60000
60000
60000
60000
60000
60000
60000
60000
42467
25561
15253
11831
9175
7025
6102
5265
4573
3991
3645
3148
2985
2893
2754
2627
2533
2390
2247
2124
2030
1903
1799
1741
1649
1482
1311
1243
1165
1137
1086
1047
998
954
894
879
886
1298
60000
60000
60000
60000
60000
60000
60000
60000
60000
60000
60000
49403
31661
15850
11494
7340
5204
3539
2579
1967
1379
1116
916
818
60000
60000
60000
60000
60000
60000
60000
60000
60000
60000
60000
60000
60000
60000
60000
60000
60000
60000
56758
44837
60000
60000
59338
45743
29326
15242
12316
25631
60000
60000
60000
43791
22110
12406
7205
5124
3304
2429
1757
1258
60000
60000
60000
60000
60000
60000
46998
21622
11077
6428
4312
2814
2092
1422
1119
897
696
547
464
396
328
255
228
232
221
218
226
213
217
207
192
185
170
166
147
138
126
121
110
103
100
92
90
81
67
59
64
63
56
54
47
47
43
31
33
29
31
30
31
36
44
60000
60000
60000
60000
55852
30755
14049
7948
4863
2879
2023
1276
922
618
467
340
250
204
174
136
112
108
97
1030
60000
60000
60000
60000
60000
60000
60000
60000
60000
60000
60000
60000
60000
60000
60000
60000
60000
60000
60000
60000
46789
41874
30999
13362
7000
4623
2937
2196
1736
1306
1136
60000
60000
60000
60000
60000
60000
60000
60000
60000
60000
60000
60000
60000
60000
60000
60000
60000
60000
60000
60000
60000
60000
60000
60000
60000
60000
60000
60000
60000
60000
60000
60000
60000
60000
50205
17404
8522
4919
2842
2057
1480
1194
1031
945
895
837
1096
1008
869
749
637
579
537
506
484
466
439
407
376
362
344
343
344
340
324
307
312
304
300
287
284
279
281
275
268
250
60000
60000
60000
60000
60000
60000
60000
60000
58641
24655
10469
5405
2999
2143
1436
1261
1699
60000
60000
60000
59617
14916
6012
3835
2468
2004
1328
60000
60000
39121
16255
10886
13092
60000
60000
42432
14859
7126
4267
2567
1688
60000
60000
60000
39469
60000
60000
60000
60000
23016
8027
60000
60000
60000
60000
60000
60000
60000
60000
60000
60000
60000
60000
60000
60000
60000
60000
46545
48358
60000
60000
60000
29709
10121
4823
2814
1995
1413
1260
1133
1026
923
809
753
688
803
836
838
874
837
742
705
653
644
582
572
561
566
642
607
580
556
538
565
542
547
523
491
476
499
518
498
473
517
513
492
511
508
477
455
442
420
406
389
368
359
327
314
287
278
264
261
272
298
291
307
314
317
321
304
307
315
345
344
328
299
276
265
267
245
239
230
224
212
209
198
195
186
194
197
201
198
210
210
213
211
209
219
216
203
200
196
196
193
195
196
190
189
188
183
181
185
177
176
174
164
161
164
157
161
158
156
159
160
161
160
159
153
159
157
157
155
157
158
171
162
159
156
159
154
146
140
145
144
139
143
135
138
130
127
126
132
126
129
130
116
115
123
114
113
108
96
89
83
79
89
86
97
93
89
80
80
80
81
71
69
68
58
62
53
41
37
22
22
16
24
18
5
4
0
0
2
2
3
1
0
0
0
4
2
0
0
0
0
0
2
2
0
0
0
0
0
0
0
0
0
0
0
8
8
6
5
7
13
14
22
16
19
20
23
10
17
7
2
4
8
9
3
8
5
0
9
3
7
10
8
16
8
13
13
6
16
21
14
23
22
25
21
25
23
17
10
5
4
0
0
0
0
0
0
0
0
0
0
0
0
0
0
0
0
0
0
6
3
0
0
0
0
0
0
0
8
12
18
22
23
20
26
27
23
22
28
23
26
26
25
21
21
14
9
13
10
17
15
17
16
14
18
13
8
3
5
0
0
1
0
3
14
18
28
13
7
0
0
0
0
0
0
0
0
0
0
0
0
0
0
0
0
0
0
0
0
1
11
8
0
8
3
2
0
1
1
6
13
6
12
7
6
4
8
8
5
0
2
4
3
7
13
13
17
13
12
15
14
16
13
9
3
1
2
0
7
0
11
17
10
16
21
19
25
27
20
19
17
24
19
14
9
7
8
7
13
15
10
15
16
11
9
1
0
0
1
0
0
0
2
0
0
2
0
3
0
2
0
0
0
0
0
0
0
0
0
5
5
12
13
13
13
21
19
18
19
24
30
22
20
23
20
26
27
26
26
20
20
19
14
13
18
8
19
25
28
26
27
29
22
27
34
27
27
31
38
39
43
37
34
42
38
30
26
20
24
16
10
14
16
25
29
29
28
34
29
26
26
34
34
36
40
33
38
37
37
27
25
12
15
19
26
33
30
38
41
34
35
38
38
46
37
45
47
47
38
38
37
34
38
31
22
18
31
26
28
28
29
29
39
34
38
38
41
40
32
34
36
34
43
42
38
38
48
54
42
39
31
34
33
27
28
26
26
18
17
20
17
18
14
11
19
5
13
16
12
10
17
17
22
22
17
20
35
30
31
28
36
32
38
43
46
44
59
51
48
45
47
38
35
34
35
27
36
37
41
43
48
46
50
44
46
41
38
41
33
36
29
30
28
36
40
42
43
44
48
40
48
43
40
43
42
42
27
37
24
22
26
24
28
30
32
34
36
29
33
34
34
28
32
33
34
35
30
25
28
31
41
34
36
35
41
40
38
40
49
40
41
45
55
50
52
50
51
49
50
51
53
62
58
62
62
68
65
61
73
74
75
67
76
78
80
80
79
75
74
75
79
79
81
84
87
97
95
99
101
95
100
99
97
105
107
104
107
104
102
103
98
90
94
98
94
100
97
92
91
92
80
82
86
86
87
87
86
99
96
97
90
102
106
108
111
108
107
103
107
99
108
114
109
98
103
108
107
109
113
118
111
114
119
107
113
110
110
110
105
100
98
97
97
108
107
102
105
98
85
84
81
77
69
70
76
64
68
63
62
64
104
112
104
109
108
111
114
106
103
96
91
90
88
80
78
80
82
80
72
73
65
73
68
69
70
74
81
80
79
86
87
85
89
86
79
75
80
79
86
84
74
80
73
80
74
69
75
72
71
65
64
57
55
52
58
53
51
45
48
46
39
39
44
27
27
30
30
33
36
29
32
31
36
40
41
44
55
54
56
57
64
63
68
65
70
70
63
63
57
58
57
47
52
57
52
48
52
50
56
55
52
54
56
62
63
65
72
71
62
65
66
60
59
52
59
49
50
50
44
44
43
45
41
35
37
33
36
27
32
39
40
36
39
42
47
42
42
44
40
45
47
41
44
46
45
35
38
39
43
36
35
31
28
34
28
35
33
29
24
22
19
17
17
24
19
21
16
12
14
7
17
15
17
15
12
15
9
6
10
6
0
0
0
0
0
0
0
0
0
0
0
0
0
0
0
0
0
0
0
0
0
0
0
0
0
0
0
0
0
0
0
0
0
0
0
0
0
0
0
0
0
2
0
3
4
3
3
4
7
8
1
3
6
3
0
6
7
8
5
10
11
10
8
19
30
28
32
30
36
38
41
44
42
38
57
49
50
56
61
68
68
73
74
78
81
83
86
83
91
92
92
94
97
104
103
109
100
109
112
105
108
100
100
102
103
104
105
100
103
102
98
104
108
107
98
100
98
104
104
103
107
103
96
96
96
90
92
93
95
97
98
93
89
94
86
94
95
99
95
109
105
114
113
108
103
103
107
110
104
113
110
109
112
110
110
99
99
90
91
93
91
91
95
96
91
88
88
98
92
99
97
108
106
111
114
127
128
133
136
145
156
150
156
160
158
161
165
172
162
159
168
161
154
158
162
157
157
142
147
145
142
143
145
139
143
150
144
154
162
163
172
175
187
183
184
187
184
194
192
193
199
204
205
202
207
201
203
201
205
207
212
214
210
218
212
206
211
209
204
197
200
193
189
183
182
189
193
195
187
193
193
188
194
193
188
190
185
186
184
174
170
178
174
177
183
181
186
181
179
170
166
157
154
152
145
146
146
145
140
132
126
124
123
114
124
118
124
125
114
114
110
110
105
112
104
108
102
94
96
107
100
90
93
88
92
92
99
99
104
103
101
98
100
97
93
97
103
94
106
113
111
113
109
112
112
113
110
122
120
117
119
122
122
115
123
120
118
123
121
130
134
132
138
137
138
140
142
146
134
138
138
141
148
139
138
139
139
148
145
145
137
138
135
132
127
132
131
127
130
121
117
121
119
135
137
146
147
156
166
162
158
159
168
170
170
183
180
173
173
174
174
176
178
175
185
187
189
195
207
210
215
217
225
223
212
218
219
221
211
207
207
196
181
180
170
170
166
155
159
157
153
147
153
145
154
148
147
154
152
147
143
149
145
145
137
143
150
146
145
141
135
138
137
144
138
131
143
145
146
141
134
140
136
140
139
141
144
146
154
155
154
161
161
175
177
181
188
193
201
199
198
197
201
205
200
194
186
169
166
159
159
153
146
161
159
162
154
149
138
145
146
130
131
130
137
127
116
115
113
110
102
103
90
103
104
98
100
102
106
110
116
111
107
110
117
120
128
117
114
113
102
96
95
86
80
86
87
78
83
78
76
81
73
74
65
71
67
72
78
78
70
82
80
84
89
93
97
98
101
97
92
98
105
102
109
115
108
110
114
114
114
118
126
129
134
128
135
127
125
128
130
136
146
148
149
155
151
155
154
152
144
143
144
148
137
136
133
132
139
137
141
137
133
132
137
131
126
136
134
134
130
138
137
135
137
145
140
144
141
143
147
142
148
150
154
163
170
176
168
179
184
178
177
178
188
191
201
195
194
198
199
194
198
209
202
202
203
207
204
206
200
196
198
187
184
188
183
187
189
189
190
190
193
188
183
192
180
193
193
195
204
199
208
211
214
213
199
206
196
188
183
184
182
185
187
199
197
192
196
201
193
187
196
193
187
177
173
166
168
168
161
162
165
170
171
171
176
183
182
183
188
190
191
192
191
201
194
195
207
200
199
184
182
171
162
159
155
154
155
156
157
164
156
157
155
156
152
155
152
151
152
158
153
155
167
168
159
163
159
162
161
156
154
165
167
173
174
171
171
178
173
181
185
183
181
183
187
187
186
192
201
198
201
205
205
207
207
208
213
213
217
220
222
224
222
228
230
226
235
229
230
229
227
226
232
232
227
228
228
220
220
220
223
228
227
231
236
242
246
245
254
263
272
276
294
302
297
312
317
318
325
325
350
360
361
371
357
383
382
383
392
402
400
394
390
389
390
386
367
363
370
361
360
349
368
370
370
367
359
361
358
355
375
352
364
354
336
330
335
315
320
319
329
345
327
333
330
330
357
349
335
331
335
325
320
319
307
325
306
306
304
314
311
309
299
295
289
291
284
279
276
262
264
261
264
263
277
271
273
289
300
281
301
286
286
274
266
256
247
248
241
236
241
232
235
228
221
222
207
202
190
189
181
173
169
170
169
176
173
177
172
174
168
179
174
172
174
174
181
171
171
171
172
172
164
162
154
146
146
144
134
131
121
131
120
114
112
109
105
100
101
103
106
97
96
104
107
98
97
107
100
104
98
103
99
94
92
90
91
87
86
91
91
97
95
102
108
104
107
95
97
94
98
90
94
95
96
91
99
100
100
104
113
113
111
120
118
115
120
118
115
116
121
116
117
114
119
119
119
117
128
123
130
120
122
121
124
123
128
133
134
134
136
131
139
142
131
135
138
135
135
137
139
139
142
142
142
142
145
141
142
142
138
142
137
142
146
146
145
151
149
151
154
151
149
152
149
148
155
147
152
147
154
154
158
155
153
162
155
155
159
161
163
159
158
165
165
158
168
165
170
169
167
171
170
168
169
165
150
158
150
148
150
150
145
146
148
155
157
162
164
166
171
169
183
178
183
184
186
181
179
180
188
184
179
178
180
181
173
168
167
166
158
169
145
144
149
144
143
147
141
141
148
148
153
156
161
167
166
172
178
176
177
172
177
169
170
164
160
160
149
147
148
143
141
136
137
131
142
136
140
136
134
131
131
131
133
131
134
127
133
129
123
126
116
114
110
111
109
121
119
120
121
123
121
120
116
118
112
120
122
120
121
123
125
122
126
119
116
126
126
124
127
132
131
132
135
133
127
128
138
138
137
134
131
136
135
146
133
135
130
136
137
134
135
135
145
138
138
139
140
137
143
134
136
138
143
143
137
138
139
134
135
131
128
129
128
130
130
131
134
126
132
132
126
133
138
134
132
136
134
130
140
137
144
143
145
147
150
142
151
145
144
140
144
139
142
138
134
136
132
122
119
110
117
120
118
119
122
121
117
122
122
113
115
111
115
116
123
119
131
138
148
148
157
159
160
166
170
172
173
176
178
179
184
188
192
185
184
183
184
187
185
194
181
185
186
187
194
176
187
183
186
191
193
197
212
209
206
200
203
201
202
201
197
196
190
187
190
200
191
188
192
196
194
193
197
196
199
204
202
200
206
201
207
209
213
214
234
231
225
229
231
225
232
233
234
233
225
228
226
228
242
254
252
249
261
256
270
286
301
327
330
339
343
338
344
341
350
353
360
362
371
393
391
401
386
398
390
408
416
430
417
428
436
440
468
472
479
491
501
521
527
533
536
555
560
552
574
572
573
588
582
601
599
609
644
639
671
676
701
686
704
707
736
712
711
711
747
762
763
749
772
764
759
742
736
744
759
774
751
767
784
778
811
817
835
847
859
866
861
881
893
895
908
902
888
896
916
891
895
876
889
870
880
828
846
843
851
856
885
883
897
935
906
891
890
856
860
839
838
847
827
811
864
871
876
846
876
871
881
886
887
890
883
879
885
899
907
890
894
927
912
932
911
889
905
895
881
894
873
871
874
871
885
895
883
885
890
883
891
914
886
873
885
902
919
921
947
949
949
939
925
950
966
952
942
946
940
971
971
966
963
965
970
961
961
969
971
947
953
967
962
975
954
947
945
913
915
947
921
918
924
904
896
903
901
897
881
896
889
906
899
906
901
895
922
933
921
927
927
933
940
913
907
891
862
810
768
726
649
619
618
610
582
563
554
546
538
532
543
539
549
544
562
565
578
583
598
622
650
683
690
692
707
733
753
761
768
786
810
838
861
844
880
903
893
873
903
932
938
965
980
981
974
962
966
971
956
964
981
981
976
975
1009
1018
988
1035
1026
1049
1054
1084
1076
1106
1097
1107
1125
1139
1144
1120
1099
1045
980
925
903
856
845
791
767
743
679
673
642
635
630
657
650
651
674
653
669
717
719
746
762
767
792
813
846
862
874
902
915
936
937
958
950
948
1006
1004
1016
1033
1023
1030
1038
1059
1082
1096
1120
1139
1147
1173
1177
1212
1223
1234
1257
1312
1339
1402
1439
1464
1471
1501
1573
1566
1623
1626
1688
1667
1690
1699
1720
1771
1838
1852
1905
1946
1965
1963
1979
1963
2000
2025
2037
2094
2159
2087
2212
2286
2300
2346
2385
2320
2337
2337
2348
2387
2362
2353
2367
2427
2484
2494
2535
2514
2563
2570
2563
2574
2609
2618
2611
2648
2609
2639
2699
2720
2782
2720
2736
2711
2734
2743
2784
2773
2791
2824
2810
2821
2824
2826
2791
2831
2872
2918
2914
2948
2978
2985
2990
3022
3043
2948
2995
2937
2925
2951
2969
2939
2886
2881
2821
2812
2819
2821
2817
2814
2801
2810
2784
2778
2819
2868
2886
2808
2821
2870
2849
2861
2881
2870
2831
2891
2928
2918
2948
2976
3001
3027
3008
3022
3020
3043
3133
3133
3173
3208
3173
3138
3203
3289
3309
3394
3374
3359
3389
3108
3088
2995
2914
2844
2780
2748
2720
2651
2627
2399
2260
2117
2013
1923
1806
1711
1637
1512
1427
1374
1319
1309
1291
1320
1315
1311
1322
1335
1335
1325
1319
1306
1289
1292
1286
1280
1257
1310
1278
1279
1303
1278
1233
1226
1168
1137
1136
1089
1081
1046
1034
1001
973
980
947
930
935
939
897
882
883
864
866
853
864
852
882
879
832
855
863
862
853
856
871
861
883
925
944
959
962
969
970
984
975
969
959
991
956
963
954
965
1000
1003
1027
1045
1068
1076
1086
1096
1115
1125
1120
1144
1151
1131
1169
1175
1194
1184
1181
1193
1210
1215
1233
1270
1274
1279
1301
1313
1321
1321
1322
1331
1344
1376
1367
1390
1360
1420
1496
1499
1455
1492
1506
1600
1607
1683
1720
1739
1787
1806
1815
1870
1796
1838
1882
1907
1905
1960
1979
1963
1933
1997
2013
1993
1958
1935
1907
1914
1919
1940
1866
1903
1912
1933
1880
1861
1898
1900
1910
1944
1944
1963
1974
1976
1944
1960
1983
1944
1986
1983
1967
1928
1940
1974
1983
1930
1893
1882
1891
1889
1831
1796
1794
1725
1766
1808
1801
1833
1886
1863
1889
1891
1905
1916
1905
1926
1898
1916
2025
1979
2023
2094
2163
2207
2251
2307
2341
2325
2369
2353
2374
2350
2297
2318
2281
2300
2288
2309
2254
2325
2334
2344
2360
2364
2397
2410
2360
2360
2357
2387
2339
2362
2311
2314
2304
2330
2293
2332
2337
2284
2320
2332
2320
2380
2339
2353
2394
2374
2429
2482
2491
2438
2498
2507
2510
2556
2558
2528
2524
2503
2512
2531
2526
2531
2512
2482
2454
2404
2417
2417
2445
2353
2339
2320
2277
2277
2254
2256
2207
2193
2193
2203
2207
2187
2180
2189
2205
2205
2304
2415
2357
2413
2404
2436
2487
2526
2480
2498
2503
2563
2547
2512
2565
2537
2542
2503
2454
2454
2434
2360
2334
2224
2198
2140
2076
1942
1856
1859
1808
1810
1736
1699
1757
1799
1753
1803
1790
1803
1829
1736
1741
1732
1778
1734
1644
1582
1598
1582
1554
1579
1605
1609
1582
1582
1556
1554
1559
1563
1515
1494
1482
1392
1323
1283
1234
1196
1144
1142
1091
1081
1072
1050
1068
1084
1081
1114
1111
1114
1125
1110
1118
1097
1102
1093
1101
1082
1067
1073
1057
1040
990
956
928
905
864
845
834
839
845
820
837
811
836
814
806
818
817
888
891
896
873
874
885
891
911
920
937
912
906
896
889
897
925
921
954
969
978
967
949
965
966
963
967
972
988
988
981
1012
995
980
978
983
961
981
1009
1051
1062
1042
1055
1069
1041
1079
1089
1092
1124
1093
1094
1113
1100
1085
1039
1008
969
954
928
905
891
872
872
874
832
822
794
795
794
806
802
802
817
809
828
819
812
810
822
829
864
852
878
887
871
882
901
898
915
941
935
965
973
972
993
981
988
967
984
1015
1042
1048
1027
1037
1059
1037
1060
1018
1022
1057
1063
1055
1082
1064
1072
1072
1091
1075
1098
1125
1109
1136
1122
1141
1134
1193
1175
1158
1141
1136
1130
1123
1137
1166
1124
1152
1150
1159
1150
1169
1166
1156
1145
1154
1160
1178
1177
1164
1148
1114
1084
1048
1023
987
972
930
944
905
898
859
829
805
797
772
784
766
752
737
735
759
750
739
739
739
757
793
766
785
814
822
831
834
876
870
902
912
936
955
978
988
1004
1031
1038
1063
1071
1046
1049
1059
1085
1089
1084
1082
1103
1088
1115
1143
1134
1168
1184
1308
1623
1815
1813
1817
1803
1764
1787
1732
1716
1667
1672
1900
2182
2196
2122
2108
2053
2002
1921
1942
1940
2078
2131
2133
2124
2071
2053
2055
2013
2117
2103
2108
2092
2071
2071
2212
2311
2337
2376
2674
2978
3223
3755
4863
5987
6794
7239
8049
8995
9074
8421
7993
7010
6734
6408
6112
5831
5706
5465
6463
6744
6674
6538
6579
6403
6348
6182
6057
5962
5851
5626
5581
5666
5540
5410
5510
5540
5465
5300
5390
5425
5340
5285
5219
5350
5320
5280
5240
5380
5390
5380
5420
5440
5490
5480
5445
5460
5555
5701
5781
5861
5992
6453
7104
7926
8657
8995
9130
9175
9141
8939
8758
8353
8432
8072
8004
8038
7655
7577
7374
7408
7149
7194
7093
7171
7060
7149
7045
7115
7020
6960
6784
6594
6664
6528
6503
6438
6408
6468
6458
6503
6493
6629
6584
6699
6819
6874
6859
6910
7000
6975
7055
7020
6955
6930
7284
7000
7020
6945
6920
7138
7464
7453
7351
7329
7045
6975
6980
6995
7273
7045
7030
6940
6895
7035
7045
7035
7194
7194
7070
7010
7160
7093
7035
7025
7050
7250
7104
7183
7160
7060
7194
7385
7520
7644
7745
8871
14252
16154
16951
15062
13914
12845
11539
9918
8511
7025
6443
5881
5435
4919
4502
4347
4206
3705
3314
3015
2861
2766
2648
2667
2584
2475
2436
2320
2281
2205
2092
2004
1963
1868
1801
1727
1723
1609
1603
1575
1413
1390
1418
1434
1379
1386
1317
1314
1314
1285
1274
1245
1190
1218
1250
1436
1644
1573
1596
1547
1554
1469
1450
1443
1367
1439
1450
1476
1420
1457
1517
1450
1614
1693
1639
1589
1526
1492
1487
1436
1420
1397
1420
1457
1485
1455
1406
1344
1336
1334
1272
1270
1228
1202
1192
1178
1177
1147
1120
1119
1142
1179
1167
1162
1162
1133
1152
1139
1130
1105
1106
1088
1083
1094
1132
1125
1118
1101
1066
1079
1056
1064
1066
1074
1034
1037
1020
1021
1034
998
1001
957
936
915
895
870
868
862
830
817
805
789
775
789
787
764
772
777
805
780
781
767
746
760
738
754
737
736
735
746
736
750
755
766
759
792
805
804
851
828
845
854
857
845
859
838
817
822
809
820
823
829
844
836
808
839
840
830
835
840
845
822
821
821
821
827
828
840
831
829
839
839
832
822
811
817
805
797
803
829
796
828
823
862
852
844
847
844
829
844
829
832
821
849
835
829
838
815
836
846
838
830
834
823
864
872
857
893
895
879
893
881
880
888
880
881
878
839
828
795
742
732
720
685
675
668
649
647
636
664
673
668
644
651
662
641
653
625
577
572
582
589
581
559
590
572
557
543
526
516
488
497
489
481
476
477
471
461
461
451
447
441
450
441
443
442
441
446
432
423
425
412
390
385
382
364
369
369
360
354
355
349
330
329
325
328
334
340
342
345
341
353
333
315
319
312
322
311
311
301
327
329
330
326
314
306
291
301
303
294
304
297
290
308
293
300
304
299
300
306
317
312
324
326
317
323
311
322
315
305
304
309
301
284
295
305
284
297
287
282
272
277
269
253
253
247
246
239
243
243
240
240
241
242
240
232
236
235
237
228
229
221
225
224
222
215
223
212
220
222
223
216
214
218
210
212
206
201
203
204
198
199
196
197
196
194
197
192
195
197
199
200
196
189
177
176
171
170
170
164
166
167
171
162
160
162
164
160
156
165
161
161
158
159
158
159
159
164
145
147
147
141
142
135
138
144
131
128
130
133
130
127
123
128
126
126
121
130
128
128
128
129
123
130
127
134
134
123
132
128
141
147
154
153
150
146
145
140
145
139
134
130
127
126
119
118
118
109
109
105
110
116
117
114
122
101
112
117
117
119
111
107
99
99
109
110
113
118
122
122
129
131
137
135
132
136
138
143
142
143
147
148
146
151
147
154
153
151
151
155
158
163
163
171
168
174
171
168
176
177
174
178
174
174
177
179
187
183
188
184
192
194
193
194
194
194
195
196
195
194
197
205
200
191
199
194
198
200
199
194
197
197
199
194
200
190
196
198
198
193
194
192
195
201
196
201
200
198
198
199
198
203
197
201
188
198
193
191
187
187
180
182
181
182
180
181
185
178
176
182
184
172
179
170
167
167
171
171
168
174
168
165
168
164
168
162
158
162
159
159
160
158
162
162
167
162
162
158
162
153
161
157
155
155
147
146
149
150
149
145
141
144
145
153
150
150
149
146
151
147
146
146
140
146
147
151
147
145
164
162
154
167
162
158
159
159
157
161
163
162
156
156
156
154
154
152
149
153
148
146
138
136
138
135
139
142
140
146
148
146
144
139
145
139
139
137
143
139
146
145
147
139
138
142
141
138
136
137
145
139
134
132
139
139
141
141
145
137
135
141
141
139
137
135
139
135
137
142
139
145
146
136
143
133
138
133
139
139
137
138
145
140
145
141
145
144
139
143
142
137
136
132
132
121
130
128
130
124
130
135
129
128
126
132
129
131
122
124
120
118
121
127
125
119
120
125
124
122
118
118
122
121
121
122
123
119
126
123
123
121
122
117
123
123
119
122
120
125
126
130
124
123
123
120
117
121
125
119
120
121
116
112
120
116
112
116
116
121
116
124
120
112
119
124
121
119
123
124
125
126
123
127
123
126
126
123
126
128
122
130
123
121
133
130
138
130
138
134
132
129
134
127
130
136
131
124
128
124
131
122
127
124
129
131
129
130
133
134
129
135
130
123
130
132
132
126
126
128
127
129
127
132
128
126
126
123
125
121
143
142
143
135
136
121
120
119
124
134
135
140
139
138
132
140
133
139
134
131
134
140
133
135
138
136
145
139
138
137
149
144
145
153
147
149
150
152
150
150
156
151
159
152
147
148
148
150
152
142
153
159
153
158
159
150
149
154
156
153
151
155
148
148
149
150
144
143
144
146
147
142
145
145
147
144
144
146
147
146
150
150
152
148
150
156
157
150
150
150
152
152
150
154
152
149
146
153
154
155
155
155
155
153
155
145
150
154
149
142
141
145
152
139
141
140
141
141
139
136
140
141
136
140
141
135
136
135
139
144
144
141
140
141
134
125
123
114
115
111
106
108
112
106
117
121
123
125
120
119
117
120
118
111
115
117
118
112
117
120
118
122
124
125
130
128
135
135
146
142
138
145
145
141
138
137
141
144
142
150
148
153
152
145
148
147
152
153
157
162
159
161
163
159
163
158
159
169
162
159
159
160
161
154
150
156
149
157
151
154
153
156
154
162
159
152
161
159
159
158
157
163
159
161
159
163
162
156
154
156
157
158
155
154
160
159
162
158
159
159
159
164
157
169
169
162
162
158
171
166
166
166
171
167
169
178
178
179
184
173
176
175
175
175
173
174
176
167
172
172
178
174
172
164
174
182
174
168
159
168
171
166
162
165
163
161
167
163
169
162
164
161
158
160
156
153
145
146
146
143
137
141
131
139
139
141
135
128
134
131
136
142
139
136
135
132
126
123
115
119
112
115
112
110
105
102
96
96
89
92
89
89
86
90
84
80
78
73
84
75
86
90
87
79
80
80
84
91
89
85
83
84
85
90
92
98
105
101
105
105
101
105
104
107
104
105
107
112
103
114
114
116
110
112
117
116
115
114
105
109
109
115
120
126
125
127
124
126
124
127
132
121
124
126
129
128
125
125
127
124
129
128
134
134
137
140
141
140
140
144
138
140
148
143
146
145
146
144
146
147
146
142
146
144
145
142
142
144
144
148
150
150
148
152
143
143
153
152
154
148
153
152
158
156
154
158
153
151
158
154
150
158
156
159
154
158
162
154
154
150
152
154
154
155
147
153
153
159
169
165
159
155
144
140
123
124
118
119
114
106
99
94
95
90
84
81
74
75
75
73
73
75
76
76
73
80
79
71
78
86
89
96
96
100
104
111
109
119
126
128
123
131
136
140
146
153
151
151
156
161
165
164
171
178
175
178
176
184
186
189
180
184
173
171
169
171
172
168
170
174
173
171
181
175
175
175
183
182
183
183
185
190
186
194
190
195
199
197
190
193
189
190
188
199
198
202
200
198
192
195
201
193
183
189
190
199
197
199
194
201
193
194
189
189
192
189
201
200
202
204
206
202
203
195
186
183
186
174
175
166
176
175
174
176
172
168
170
167
166
167
170
172
175
178
187
190
188
184
187
186
185
180
174
168
166
175
158
162
157
164
160
153
156
158
168
164
160
159
168
162
164
153
160
151
153
152
151
153
156
156
155
149
150
147
151
147
153
151
148
147
154
154
153
147
151
149
150
149
154
161
165
165
161
167
162
169
171
173
184
191
191
193
194
201
190
195
197
200
205
208
212
219
218
211
215
203
203
211
206
202
208
200
198
195
192
192
192
195
190
190
189
188
186
191
183
183
177
177
186
197
193
190
197
194
197
198
200
201
200
200
197
196
192
193
192
192
191
181
177
177
174
177
181
187
191
193
202
202
209
214
210
218
229
240
246
257
260
276
304
301
321
311
317
323
315
320
317
314
317
301
309
324
335
347
345
354
352
350
348
370
361
368
363
364
371
365
367
367
364
366
374
375
389
398
382
383
378
383
386
373
386
390
402
396
392
394
393
406
410
408
418
397
412
413
412
417
440
427
431
443
453
438
434
440
445
444
432
424
443
446
449
441
435
449
454
461
452
452
452
461
450
441
452
471
524
556
552
549
541
544
541
526
531
538
546
561
549
544
546
556
564
545
566
556
544
544
557
540
542
548
559
548
562
548
557
557
541
562
555
554
554
562
554
569
543
543
538
524
512
507
523
514
511
516
526
519
521
508
504
516
513
523
523
524
520
516
519
533
538
531
540
538
532
548
547
564
543
554
546
544
553
562
562
562
557
575
578
581
607
597
605
614
648
669
686
700
700
699
695
719
718
713
704
728
749
733
729
728
759
753
760
734
791
775
778
786
802
794
815
809
803
809
781
764
774
776
789
793
786
788
794
764
800
797
810
842
828
847
853
866
891
873
873
883
883
897
897
912
929
923
904
878
876
878
916
901
911
896
866
869
854
869
838
821
838
848
826
834
831
806
819
800
819
808
804
811
791
770
768
775
766
781
770
780
774
809
791
783
802
812
831
845
897
916
908
911
882
903
931
941
927
932
954
973
972
980
949
990
969
1001
987
1015
1001
1005
1017
1023
1046
1046
1050
1062
1045
1084
1083
1055
1084
1071
1073
1052
1051
1048
1060
1027
1065
1033
1034
1025
1013
1040
1033
1032
1029
987
1003
1020
1003
1016
1008
969
955
971
993
973
979
987
974
975
976
983
957
976
950
975
966
969
974
1006
976
1005
996
976
969
996
974
992
991
980
988
984
972
983
978
980
967
983
987
1001
986
998
1007
999
1008
1004
1025
1030
1037
1018
1062
1050
1054
1051
1069
1088
1081
1099
1103
1103
1134
1131
1131
1144
1142
1134
1148
1156
1153
1187
1190
1182
1165
1201
1196
1209
1216
1213
1252
1244
1211
1212
1211
1221
1220
1229
1213
1206
1207
1167
1182
1199
1168
1179
1178
1177
1170
1166
1183
1169
1174
1159
1162
1165
1148
1159
1158
1161
1159
1142
1133
1140
1135
1120
1118
1126
1110
1115
1135
1110
1113
1120
1122
1131
1118
1072
1090
1100
1119
1100
1131
1107
1107
1102
1109
1106
1134
1118
1131
1114
1081
1133
1100
1082
1105
1113
1106
1109
1099
1105
1101
1111
1099
1075
1106
1083
1120
1130
1100
1113
1084
1083
1084
1051
1021
1000
1010
1023
1009
996
1029
1007
1009
990
995
966
959
966
947
956
939
918
918
899
902
906
882
880
897
877
846
868
864
849
840
880
879
863
877
882
870
861
871
859
865
865
846
849
817
810
822
814
814
801
829
813
794
806
769
766
789
777
785
771
779
775
786
761
777
774
777
766
770
763
711
696
679
667
641
636
628
632
614
593
631
611
606
615
597
599
619
605
596
580
581
577
572
575
574
574
571
576
573
570
574
572
576
563
558
547
529
526
509
515
501
498
493
486
475
463
470
463
460
441
441
448
453
446
454
450
432
426
425
433
425
430
422
405
422
408
418
418
415
415
401
398
400
394
397
387
401
394
407
421
435
432
434
438
434
443
451
460
454
446
460
450
447
435
441
440
433
424
421
430
428
416
432
415
415
417
426
423
428
424
420
415
400
390
387
376
369
360
359
356
352
340
342
333
343
336
338
343
330
342
324
324
320
320
318
310
312
57421
60000
60000
60000
60000
60000
60000
60000
60000
60000
60000
60000
60000
60000
60000
60000
60000
60000
60000
60000
60000
60000
60000
60000
60000
60000
60000
60000
60000
60000
60000
60000
60000
60000
60000
60000
60000
60000
60000
60000
59059
57037
48811
42571
42746
51425
51530
58466
56445
53551
38877
60000
60000
60000
60000
60000
60000
60000
60000
60000
60000
60000
60000
60000
60000
60000
60000
60000
28071
13362
11584
12946
12304
8657
6488
5229
4181
4056
3760
3274
2858
2501
2175
1836
1591
1591
1561
1718
60000
60000
60000
60000
60000
60000
60000
60000
60000
60000
60000
60000
60000
60000
60000
60000
60000
60000
60000
60000
60000
60000
60000
60000
60000
60000
60000
60000
60000
60000
60000
60000
60000
60000
60000
60000
60000
56445
37413
21483
13194
10233
6664
5004
3670
2863
2353
1988
1669
1346
1245
1291
1161
1039
935
855
772
679
658
644
598
567
547
526
504
478
461
456
442
443
445
538
526
498
480
499
490
667
58187
60000
60000
60000
60000
60000
60000
60000
60000
60000
60000
60000
60000
60000
60000
60000
60000
60000
60000
60000
60000
60000
60000
60000
60000
60000
60000
60000
60000
60000
60000
60000
60000
60000
60000
60000
60000
60000
60000
60000
60000
60000
60000
60000
60000
60000
60000
60000
60000
60000
60000
60000
60000
60000
60000
60000
60000
60000
60000
60000
60000
55399
29395
13790
8364
5525
3860
2727
2173
1706
1286
1237
1089
1029
915
848
767
733
669
620
580
557
536
506
503
486
465
459
443
438
428
405
393
385
366
356
373
360
362
362
373
60000
60000
60000
60000
60000
60000
60000
60000
60000
60000
60000
60000
60000
60000
60000
60000
60000
60000
60000
60000
60000
60000
60000
60000
60000
60000
60000
60000
60000
60000
60000
60000
51809
27687
13092
7149
5054
3254
2501
2131
1757
1443
1268
1151
1047
932
842
781
702
647
608
593
576
60000
60000
60000
60000
60000
60000
60000
60000
60000
60000
60000
60000
60000
60000
60000
60000
59651
37691
20158
11393
6794
4783
3324
2708
2676
2263
1656
1277
1074
914
804
687
624
557
513
485
559
60000
60000
60000
60000
60000
60000
60000
60000
60000
60000
60000
60000
60000
60000
60000
60000
41700
19810
14252
9366
5701
3625
2450
1757
1270
1004
777
602
532
504
484
433
390
369
380
1051
1079
1085
908
746
616
556
513
5781
60000
60000
60000
60000
60000
60000
60000
60000
60000
57490
38249
21727
13340
8432
6824
5104
3911
2803
2219
1582
1217
976
860
798
683
620
573
563
528
498
465
428
401
359
315
293
287
282
285
257
263
254
250
248
249
251
243
250
250
252
247
232
219
213
194
185
177
184
179
181
197
199
206
205
202
196
194
190
186
180
176
179
178
179
171
175
162
154
159
151
149
141
134
136
132
135
141
137
134
126
132
121
120
117
117
111
113
103
102
100
104
107
11730
13959
60000
60000
60000
60000
60000
60000
60000
60000
41421
60000
60000
60000
60000
60000
60000
60000
60000
60000
60000
60000
60000
60000
60000
60000
60000
60000
60000
60000
60000
60000
60000
60000
60000
60000
60000
60000
60000
60000
60000
60000
60000
60000
60000
44245
23923
12811
7284
4909
3031
2173
1526
1167
932
719
556
482
408
357
301
254
236
217
200
179
167
160
148
143
135
125
111
105
99
89
100
97
86
83
82
74
65
65
63
59
52
48
42
38
37
33
35
26
29
31
32
29
24
25
25
23
21
27
29
27
32
33
32
38
29
28
26
26
30
23
21
18
13
21
20
21
21
18
18
21
23
24
30
30
27
28
22
21
20
17
16
6
0
2
0
0
2
0
4
1
0
4
1
0
1
0
2
0
0
0
0
0
0
0
0
0
0
0
0
0
0
2
3
15
12
8
5
2
1
6
2
2
0
4
8
5
7
12
24
16
29
37
41
40
40
41
43
39
47
50
39
50
42
44
46
51
50
53
54
59
58
58
55
56
59
61
54
50
42
48
43
41
38
37
26
28
32
37
32
27
32
25
25
26
19
27
28
26
23
20
21
28
26
19
12
25
9
11
10
6
10
16
23
21
14
18
24
20
20
24
23
27
25
32
37
35
36
34
33
35
34
39
37
30
29
35
28
35
32
30
29
33
35
36
32
39
27
38
37
42
36
31
41
44
33
40
35
31
28
30
33
27
37
36
37
38
43
43
48
50
37
45
44
35
34
43
42
48
48
35
54
51
45
48
50
42
42
40
47
42
46
41
43
38
39
39
32
33
42
41
33
36
36
34
32
34
38
42
37
38
40
44
44
44
43
43
47
41
47
52
62
49
48
55
55
55
52
55
51
58
58
51
55
59
60
60
67
63
65
69
69
72
59
62
67
65
70
74
65
69
64
61
69
68
77
68
73
72
69
72
77
76
73
70
74
72
76
72
71
76
74
77
73
77
73
70
72
68
70
67
64
63
64
59
60
58
62
57
52
60
55
53
54
45
49
45
45
43
44
45
48
46
49
47
42
38
34
40
30
37
40
35
32
40
33
39
39
38
38
46
43
44
42
48
48
46
42
45
49
53
46
47
48
49
54
54
49
60000
60000
60000
60000
60000
60000
60000
60000
60000
60000
60000
60000
60000
60000
60000
60000
60000
60000
60000
60000
60000
60000
60000
60000
60000
60000
60000
60000
60000
60000
60000
60000
60000
57455
44628
48079
60000
60000
60000
56793
41979
24585
12586
6900
56723
27478
60000
60000
51913
23261
11044
6303
4201
60000
60000
60000
47382
14736
6980
4588
3399
29430
52366
60000
55120
38145
21064
13419
9636
6418
5601
4603
3168
2627
2124
1732
1331
1177
1057
919
1191
1210
1051
978
854
60000
60000
60000
60000
60000
60000
60000
24864
8500
5390
5069
4252
5360
4457
3685
3022
2607
2203
2175
1935
1607
1406
1251
1128
1092
1107
1038
1040
963
895
852
847
789
762
752
694
647
562
578
641
597
557
529
501
490
494
481
479
466
451
435
435
426
410
408
397
387
380
374
388
389
379
378
400
412
417
418
427
421
425
427
427
421
420
432
420
441
434
422
422
419
398
387
388
387
403
385
374
384
368
387
390
384
407
387
393
390
380
400
402
392
381
368
370
365
352
356
357
363
371
364
378
367
360
354
332
336
356
367
392
425
456
453
448
442
435
432
423
458
467
467
475
476
470
455
452
463
452
438
423
427
417
400
397
371
369
374
371
368
360
364
364
365
342
349
339
350
329
354
370
362
334
325
326
330
328
311
315
337
325
337
336
338
341
336
327
321
314
316
319
306
307
307
313
310
302
308
311
317
299
309
299
311
314
331
330
345
356
360
337
328
343
347
356
340
339
329
311
314
318
305
298
294
301
310
282
287
285
286
289
294
301
297
297
290
282
297
292
287
293
304
294
289
291
284
60000
60000
60000
60000
60000
54841
30441
15321
11246
6363
4237
2821
2053
1579
1266
1020
844
682
544
471
410
348
310
272
254
232
222
208
200
200
189
202
209
210
211
209
214
209
200
201
203
202
202
208
209
199
199
193
192
184
187
195
190
188
190
180
184
180
179
175
180
202
240
254
268
306
335
325
319
304
295
250
244
230
225
215
212
199
191
193
192
186
184
183
181
180
179
183
175
180
170
170
174
180
178
180
182
179
179
178
181
181
181
180
181
180
180
172
177
173
191
199
195
191
203
193
193
190
210
229
230
238
232
221
219
212
204
200
193
190
184
180
174
165
153
156
144
150
147
144
134
131
130
130
136
139
132
136
135
139
133
140
139
144
139
132
129
124
125
118
123
119
117
118
120
121
120
109
104
109
98
101
105
104
101
107
109
103
105
104
107
100
90
90
93
87
86
88
86
83
84
88
77
85
86
79
83
83
85
74
77
76
77
73
72
68
68
66
67
67
72
69
63
58
57
58
54
51
45
38
39
39
45
46
50
39
49
52
52
59
57
61
63
60
62
59
69
65
67
62
59
61
56
60
54
49
47
49
49
45
47
50
46
48
51
49
55
64
65
59
62
66
67
65
63
60
64
58
60
51
57
57
58
75
61
56
61
62
65
63
65
71
73
71
69
73
73
66
73
63
78
80
76
81
83
83
78
72
84
82
83
73
81
84
80
81
84
83
86
84
82
84
83
77
77
74
76
74
75
68
74
70
65
66
68
67
64
64
68
58
60
70
66
66
63
66
66
63
70
59
72
73
72
68
71
75
77
80
83
78
76
80
75
85
82
79
80
73
84
84
91
89
91
83
83
85
86
89
77
83
83
81
74
83
79
76
82
84
95
87
93
88
89
85
86
85
90
89
91
87
93
93
89
93
87
84
92
86
91
85
86
89
87
94
96
96
102
97
93
95
92
94
96
94
90
91
89
87
85
93
96
93
88
97
93
100
99
97
97
101
97
101
95
88
102
98
97
99
102
105
97
91
95
98
91
95
93
92
89
92
96
89
94
89
88
91
94
88
92
94
96
98
84
85
91
98
90
90
90
90
88
90
82
83
89
100
92
90
94
94
88
87
93
91
87
97
95
92
98
91
96
91
93
108
107
101
104
101
104
100
100
103
98
103
96
102
97
95
101
90
88
97
84
82
83
79
77
74
74
68
70
72
74
71
66
73
60
57
62
56
47
49
44
48
45
44
52
49
45
44
43
41
37
43
47
46
34
41
42
37
45
38
42
33
41
37
29
34
31
36
30
35
34
28
31
33
33
36
34
35
31
30
33
28
33
25
24
25
25
26
23
18
20
16
20
14
13
14
9
11
12
11
5
8
5
9
14
24
34
37
47
49
51
63
61
72
73
75
81
87
90
92
96
97
109
110
115
115
112
118
124
120
123
133
136
138
136
148
147
137
128
116
99
97
78
66
52
39
32
29
21
20
28
28
25
25
28
35
37
46
57
60
63
64
73
75
75
78
80
76
82
80
86
88
97
98
102
104
109
114
112
116
113
112
107
105
105
97
95
94
104
103
104
103
112
104
105
119
116
126
137
130
145
150
143
156
152
157
161
156
157
162
171
160
161
164
162
162
158
150
145
146
144
146
147
145
149
143
152
144
135
137
136
134
139
136
132
128
127
128
144
137
138
133
133
134
138
136
132
131
124
117
116
114
114
105
106
112
118
117
120
115
114
114
108
107
111
112
104
105
102
104
109
116
117
112
115
115
117
118
127
124
127
137
129
136
130
132
139
135
141
133
128
126
119
128
126
129
130
128
132
138
139
143
144
144
143
145
148
154
159
170
176
168
173
174
182
184
190
188
182
179
181
178
169
166
156
162
162
162
162
165
166
158
162
154
163
169
177
178
183
191
194
200
203
207
205
195
209
205
203
195
199
193
207
200
198
196
194
182
186
181
185
177
171
169
171
164
167
164
161
168
171
174
176
186
177
182
189
190
191
188
190
189
195
191
196
201
201
196
195
184
184
180
181
181
178
182
178
168
177
174
179
174
176
183
176
185
177
177
179
186
189
60000
60000
60000
60000
51809
13002
14837
5290
2923
2187
1669
1292
1167
1111
999
899
825
734
648
1482
1206
1035
881
1059
919
744
682
573
528
503
468
431
387
364
354
413
446
585
1047
2764
2835
60000
60000
60000
60000
60000
60000
60000
60000
60000
60000
60000
60000
60000
60000
60000
60000
60000
60000
60000
60000
60000
46197
15366
10166
6353
4347
2990
2441
2020
1676
1388
1311
1278
1202
1132
1067
1021
940
882
881
886
871
849
819
822
802
753
715
707
662
635
609
589
574
547
549
549
544
522
516
493
488
488
489
465
469
474
505
561
589
591
577
562
552
554
532
519
516
511
517
497
487
476
471
496
507
510
481
475
455
453
423
427
413
400
394
382
377
365
359
366
361
344
340
331
314
310
296
297
301
294
282
268
273
285
276
268
259
264
267
256
261
268
259
258
254
270
281
284
284
287
294
291
282
285
274
275
263
267
264
274
287
278
276
268
278
279
272
266
255
263
261
253
268
268
257
254
266
263
271
257
251
247
250
242
236
242
240
245
244
237
240
241
245
245
261
252
251
256
251
249
263
259
268
277
273
263
262
254
248
249
253
243
247
250
253
246
242
242
243
237
239
239
243
244
238
234
222
220
220
214
221
216
220
221
234
233
243
234
243
250
252
246
250
244
234
227
217
216
211
202
219
232
239
250
251
271
274
262
260
277
268
299
344
393
473
503
529
509
485
469
471
510
514
511
523
504
533
531
518
519
513
485
445
467
483
479
491
487
465
422
382
350
336
320
301
283
286
256
246
241
236
236
233
225
218
209
214
206
200
194
189
187
182
181
173
179
175
169
162
162
164
165
168
157
161
161
153
143
135
135
122
125
113
107
107
109
104
94
94
90
84
79
74
65
58
58
60
59
52
58
63
70
87
98
90
97
103
112
119
123
133
129
136
132
121
130
125
120
117
111
107
120
114
129
126
132
137
139
128
124
120
121
114
107
104
106
108
107
113
113
115
110
109
105
103
99
104
104
109
104
113
110
114
101
115
113
112
111
98
93
97
91
91
91
90
85
92
95
92
94
99
95
88
84
95
95
92
87
88
79
81
81
90
80
77
84
79
78
76
86
96
91
100
97
89
86
95
104
110
108
116
121
117
119
117
119
119
120
124
122
126
128
128
118
132
136
141
136
150
153
166
157
162
165
165
160
164
162
164
161
167
165
156
156
153
148
143
141
143
143
141
136
139
140
137
138
140
134
137
133
144
142
137
137
135
136
135
132
132
135
134
132
136
141
147
148
152
158
163
160
168
162
155
152
149
147
144
148
141
146
140
147
156
150
146
141
140
142
140
141
148
137
142
141
141
132
137
130
133
123
120
127
129
128
118
118
118
111
108
112
106
109
111
111
115
104
111
114
116
115
118
130
127
125
123
122
118
119
124
113
119
129
127
125
120
119
110
103
96
102
103
111
112
119
118
109
116
108
103
97
96
93
86
92
87
94
96
99
87
91
88
100
98
96
100
98
99
100
96
92
91
80
86
84
85
73
82
78
80
76
79
71
79
74
71
81
76
76
78
64
61
56
54
47
41
41
24
23
22
20
31
31
38
48
56
58
61
66
63
61
71
71
79
86
95
99
99
94
95
90
102
98
96
104
101
109
106
109
112
106
108
109
97
89
82
78
75
69
60
50
51
51
58
76
78
74
84
93
89
91
91
85
90
83
85
76
84
83
92
96
96
102
109
113
122
123
119
125
128
127
133
131
136
132
133
131
143
142
135
144
144
143
141
140
138
137
136
134
130
128
114
103
107
103
97
92
96
102
100
93
90
92
83
84
85
80
90
86
87
85
84
88
90
94
91
91
89
89
86
91
95
95
94
92
92
86
83
84
87
87
90
85
85
97
100
101
108
113
111
106
109
119
123
132
141
145
150
161
161
173
167
173
179
183
180
192
174
166
164
150
140
136
130
140
135
134
128
119
114
111
117
129
132
140
144
150
151
153
155
161
158
164
165
164
167
175
177
177
184
187
187
187
191
196
194
193
193
201
201
203
205
209
207
214
207
200
210
213
210
206
211
209
204
197
195
188
184
181
169
173
172
172
174
182
177
180
192
203
205
196
195
196
192
189
191
185
180
184
178
170
176
180
177
180
190
192
183
175
169
162
165
154
163
160
168
160
159
155
154
151
141
139
139
141
142
138
143
143
144
146
139
141
144
149
158
163
171
175
193
191
191
185
187
188
178
174
178
172
174
163
162
160
153
155
151
136
140
136
141
144
148
145
137
137
134
131
132
129
127
123
124
120
125
131
128
124
123
127
122
123
127
130
136
129
129
133
122
126
122
114
121
112
122
114
115
126
112
115
109
120
121
123
120
115
119
123
127
123
122
118
120
114
113
116
125
129
132
147
151
161
167
175
180
183
189
198
197
207
201
196
197
201
203
215
209
212
211
213
216
226
222
231
244
239
232
244
243
243
241
243
238
238
237
229
225
217
207
195
183
178
170
169
156
166
162
158
146
150
148
148
157
172
169
170
179
184
188
193
203
212
216
219
230
237
242
246
253
264
252
265
267
271
292
301
299
304
325
331
343
335
332
325
335
324
320
325
330
340
341
350
354
348
366
372
375
364
350
336
324
298
274
250
239
228
216
204
197
187
178
167
158
154
142
138
128
121
119
126
124
137
131
124
125
126
140
139
136
144
161
168
169
186
186
192
190
189
185
185
191
195
192
195
196
202
206
209
217
228
228
231
246
244
254
261
276
276
280
275
278
269
275
292
281
288
265
281
289
275
281
292
301
306
314
322
328
337
346
335
331
316
310
307
320
337
337
347
350
352
350
355
340
346
338
329
330
309
316
312
295
302
307
285
304
309
307
292
314
303
312
295
307
303
317
305
299
307
311
310
310
298
287
300
319
284
295
286
281
286
278
284
272
271
270
264
260
269
264
258
253
254
261
267
274
264
255
253
256
271
286
269
281
281
295
289
291
286
275
280
270
266
261
261
258
258
252
258
268
248
256
241
252
262
262
259
258
253
243
246
238
229
228
225
230
239
240
252
268
273
275
279
299
313
325
346
376
365
364
372
377
385
389
387
394
392
390
382
380
377
369
369
357
351
359
362
366
356
352
367
373
382
374
383
376
390
392
386
387
389
388
386
377
375
378
367
378
381
385
377
378
388
400
399
397
397
395
384
380
385
390
385
352
364
360
368
359
355
337
342
335
331
335
334
343
350
360
369
375
387
374
375
378
377
332
339
332
315
306
303
296
280
264
261
246
241
244
240
239
238
245
241
240
239
254
259
253
264
255
256
259
267
259
250
269
266
264
282
281
280
287
284
284
291
296
316
321
324
331
347
340
353
360
370
378
387
412
416
412
438
436
454
465
474
476
476
481
490
479
473
495
508
503
511
506
526
523
533
534
535
528
537
537
539
548
543
541
544
542
548
533
551
557
557
562
551
556
571
556
597
593
592
592
592
582
603
611
600
596
598
620
602
602
618
608
597
610
620
633
631
632
630
602
624
611
617
601
598
598
596
580
594
578
574
582
582
586
575
